Nodes 	Degree of Nodes 
0		3
1		1
2		6
3		5
4		2
5		6
6		8
7		6
8		5
9		5
10		5
11		4
12		2
13		6
14		9
15		3
16		3
17		5
18		3
19		3
20		2
21		7
22		5
23		0
24		2
25		5
26		2
27		4
28		6
29		4
30		7
31		7
32		2
33		3
34		4
35		4
36		6
37		1
38		2
39		5
40		3
41		1
42		8
43		5
44		2
45		3
46		6
47		5
48		2
49		1
50		5
51		3
52		11
53		3
54		5
55		1
56		3
57		1
58		2
59		3
60		6
61		3
62		4
63		6
64		3
65		5
66		7
67		5
68		6
69		1
70		2
71		5
72		5
73		5
74		3
75		2
76		1
77		4
78		5
79		1
80		4
81		5
82		6
83		3
84		5
85		3
86		5
87		7
88		3
89		3
90		3
91		1
92		2
93		4
94		1
95		4
96		2
97		6
98		0
99		5
100		3
101		7
102		6
103		2
104		5
105		5
106		6
107		11
108		6
109		5
110		7
111		4
112		6
113		4
114		6
115		5
116		7
117		0
118		2
119		5
120		1
121		7
122		2
123		6
124		4
125		3
126		3
127		7
128		8
129		4
130		3
131		1
132		6
133		6
134		2
135		6
136		5
137		4
138		9
139		5
140		2
141		5
142		6
143		6
144		7
145		3
146		4
147		4
148		1
149		4
150		4
151		3
152		2
153		3
154		5
155		3
156		5
157		2
158		1
159		3
160		3
161		4
162		5
163		6
164		6
165		4
166		5
167		5
168		3
169		4
170		4
171		3
172		8
173		5
174		1
175		5
176		4
177		3
178		6
179		4
180		5
181		5
182		4
183		5
184		5
185		4
186		5
187		2
188		5
189		3
190		2
191		6
192		4
193		7
194		5
195		4
196		3
197		5
198		6
199		5
200		2
201		1
202		6
203		4
204		1
205		4
206		3
207		1
208		4
209		4
210		2
211		5
212		3
213		3
214		3
215		4
216		6
217		8
218		3
219		4
220		2
221		5
222		2
223		6
224		5
225		4
226		2
227		1
228		9
229		3
230		6
231		5
232		6
233		4
234		2
235		2
236		2
237		2
238		4
239		3
240		2
241		3
242		3
243		7
244		4
245		1
246		4
247		4
248		3
249		3
250		2
251		4
252		7
253		5
254		2
255		3
256		4
257		4
258		0
259		3
260		5
261		7
262		5
263		8
264		6
265		2
266		1
267		4
268		6
269		6
270		7
271		4
272		3
273		5
274		7
275		4
276		4
277		5
278		3
279		5
280		3
281		4
282		5
283		7
284		4
285		3
286		4
287		4
288		2
289		4
290		4
291		7
292		5
293		6
294		6
295		5
296		5
297		1
298		3
299		3
300		2
301		2
302		3
303		3
304		4
305		3
306		4
307		4
308		6
309		4
310		2
311		5
312		2
313		1
314		3
315		3
316		1
317		3
318		4
319		1
320		4
321		4
322		2
323		3
324		7
325		3
326		2
327		4
328		2
329		7
330		8
331		2
332		4
333		4
334		2
335		2
336		5
337		2
338		2
339		3
340		3
341		4
342		0
343		3
344		2
345		4
346		3
347		3
348		5
349		1
350		1
351		5
352		0
353		6
354		2
355		6
356		3
357		6
358		6
359		6
360		2
361		2
362		3
363		3
364		0
365		5
366		3
367		3
368		4
369		3
370		3
371		4
372		4
373		6
374		3
375		3
376		4
377		6
378		5
379		6
380		8
381		6
382		1
383		3
384		1
385		3
386		3
387		5
388		4
389		4
390		5
391		3
392		6
393		2
394		8
395		6
396		7
397		4
398		3
399		2
400		7
401		1
402		7
403		3
404		4
405		2
406		5
407		2
408		7
409		3
410		2
411		4
412		10
413		6
414		3
415		1
416		3
417		1
418		7
419		6
420		1
421		6
422		2
423		2
424		3
425		3
426		3
427		4
428		4
429		4
430		3
431		1
432		4
433		5
434		8
435		9
436		3
437		2
438		1
439		8
440		2
441		8
442		2
443		7
444		5
445		1
446		7
447		5
448		4
449		3
450		2
451		5
452		4
453		4
454		5
455		5
456		4
457		4
458		4
459		7
460		4
461		7
462		3
463		3
464		3
465		5
466		6
467		3
468		5
469		6
470		3
471		1
472		8
473		4
474		1
475		10
476		5
477		6
478		1
479		5
480		7
481		2
482		5
483		3
484		4
485		5
486		1
487		6
488		3
489		4
490		1
491		4
492		5
493		3
494		4
495		5
496		7
497		3
498		2
499		2
500		3
501		7
502		4
503		3
504		1
505		3
506		4
507		2
508		7
509		2
510		4
511		1
512		2
513		2
514		4
515		5
516		6
517		6
518		1
519		4
520		4
521		3
522		6
523		5
524		3
525		4
526		0
527		3
528		5
529		5
530		3
531		5
532		6
533		5
534		4
535		5
536		5
537		4
538		6
539		2
540		6
541		2
542		3
543		4
544		5
545		2
546		4
547		3
548		5
549		5
550		3
551		3
552		2
553		7
554		6
555		3
556		3
557		8
558		2
559		2
560		3
561		2
562		7
563		4
564		6
565		3
566		9
567		3
568		3
569		5
570		4
571		1
572		7
573		0
574		2
575		3
576		2
577		1
578		4
579		2
580		10
581		5
582		6
583		5
584		5
585		6
586		8
587		5
588		1
589		3
590		4
591		4
592		2
593		2
594		3
595		1
596		3
597		4
598		2
599		4
600		3
601		4
602		6
603		2
604		4
605		0
606		4
607		5
608		1
609		4
610		5
611		5
612		3
613		6
614		9
615		1
616		2
617		4
618		4
619		3
620		6
621		1
622		6
623		1
624		4
625		3
626		5
627		4
628		6
629		6
630		2
631		5
632		9
633		5
634		4
635		2
636		3
637		5
638		5
639		4
640		3
641		6
642		1
643		3
644		0
645		2
646		3
647		4
648		4
649		6
650		4
651		4
652		8
653		7
654		3
655		3
656		4
657		5
658		6
659		4
660		4
661		5
662		6
663		4
664		5
665		2
666		6
667		2
668		3
669		3
670		7
671		6
672		3
673		5
674		4
675		2
676		6
677		6
678		6
679		1
680		6
681		5
682		7
683		3
684		3
685		5
686		4
687		5
688		4
689		7
690		3
691		4
692		1
693		3
694		5
695		2
696		4
697		3
698		4
699		6
700		5
701		2
702		6
703		4
704		4
705		4
706		5
707		5
708		3
709		2
710		3
711		3
712		8
713		2
714		3
715		3
716		7
717		6
718		6
719		7
720		2
721		2
722		1
723		2
724		2
725		5
726		2
727		3
728		0
729		2
730		3
731		2
732		2
733		3
734		4
735		4
736		4
737		4
738		4
739		3
740		7
741		8
742		8
743		1
744		4
745		6
746		5
747		3
748		2
749		5
750		5
751		2
752		4
753		2
754		3
755		4
756		2
757		5
758		5
759		6
760		3
761		1
762		6
763		8
764		7
765		7
766		5
767		8
768		7
769		4
770		4
771		6
772		5
773		7
774		7
775		3
776		3
777		3
778		2
779		4
780		3
781		6
782		4
783		2
784		1
785		2
786		3
787		3
788		3
789		2
790		3
791		6
792		6
793		5
794		5
795		4
796		4
797		6
798		1
799		4
800		5
801		3
802		3
803		3
804		8
805		8
806		2
807		4
808		1
809		3
810		5
811		7
812		6
813		3
814		1
815		4
816		8
817		2
818		6
819		6
820		3
821		6
822		5
823		4
824		4
825		3
826		1
827		7
828		3
829		4
830		8
831		7
832		4
833		7
834		2
835		3
836		2
837		3
838		4
839		2
840		7
841		6
842		3
843		8
844		5
845		3
846		5
847		6
848		6
849		5
850		4
851		5
852		5
853		6
854		3
855		6
856		7
857		4
858		1
859		2
860		0
861		2
862		3
863		3
864		3
865		3
866		4
867		7
868		6
869		5
870		4
871		2
872		5
873		5
874		2
875		7
876		2
877		2
878		3
879		6
880		5
881		4
882		5
883		3
884		1
885		8
886		2
887		3
888		3
889		1
890		4
891		5
892		2
893		2
894		7
895		5
896		1
897		3
898		4
899		6
900		3
901		3
902		4
903		2
904		5
905		1
906		1
907		4
908		5
909		3
910		3
911		3
912		6
913		2
914		5
915		2
916		5
917		3
918		2
919		2
920		4
921		1
922		4
923		2
924		6
925		3
926		3
927		3
928		6
929		1
930		5
931		6
932		6
933		1
934		2
935		4
936		5
937		2
938		5
939		3
940		5
941		3
942		6
943		4
944		7
945		1
946		4
947		6
948		5
949		5
950		5
951		6
952		3
953		8
954		2
955		6
956		7
957		4
958		5
959		7
960		4
961		1
962		4
963		3
964		4
965		4
966		3
967		5
968		2
969		4
970		1
971		6
972		4
973		2
974		3
975		5
976		2
977		4
978		3
979		0
980		6
981		7
982		4
983		1
984		3
985		6
986		1
987		5
988		4
989		5
990		6
991		8
992		3
993		4
994		2
995		3
996		3
997		4
998		3
999		4
