
Node	Indegree
0	2
1	0
2	4
3	1
4	1
5	2
6	5
7	4
8	2
9	2
10	2
11	2
12	2
13	3
14	4
15	2
16	2
17	1
18	2
19	1
20	2
21	3
22	3
23	0
24	1
25	4
26	1
27	3
28	3
29	1
30	2
31	4
32	0
33	1
34	2
35	3
36	1
37	1
38	1
39	2
40	1
41	1
42	1
43	3
44	1
45	2
46	3
47	4
48	0
49	0
50	2
51	0
52	5
53	2
54	4
55	1
56	1
57	1
58	1
59	1
60	2
61	3
62	3
63	3
64	1
65	5
66	2
67	1
68	4
69	1
70	0
71	3
72	1
73	3
74	1
75	0
76	1
77	2
78	3
79	0
80	2
81	3
82	6
83	1
84	5
85	1
86	4
87	2
88	2
89	3
90	2
91	0
92	1
93	1
94	0
95	2
96	1
97	4
98	0
99	1
100	2
101	2
102	2
103	1
104	3
105	4
106	2
107	3
108	4
109	1
110	3
111	2
112	2
113	2
114	4
115	3
116	5
117	0
118	1
119	3
120	0
121	3
122	2
123	3
124	4
125	2
126	2
127	3
128	5
129	3
130	2
131	0
132	4
133	3
134	1
135	4
136	2
137	3
138	2
139	2
140	1
141	2
142	3
143	3
144	4
145	1
146	3
147	3
148	1
149	3
150	1
151	0
152	0
153	1
154	3
155	2
156	3
157	2
158	1
159	3
160	2
161	2
162	0
163	2
164	2
165	1
166	1
167	2
168	3
169	1
170	3
171	0
172	6
173	4
174	0
175	1
176	1
177	1
178	4
179	1
180	5
181	4
182	4
183	3
184	3
185	2
186	2
187	1
188	3
189	2
190	1
191	2
192	2
193	2
194	2
195	2
196	1
197	1
198	4
199	3
200	0
201	0
202	3
203	2
204	1
205	1
206	1
207	0
208	2
209	3
210	1
211	3
212	2
213	2
214	1
215	2
216	3
217	6
218	1
219	2
220	0
221	2
222	1
223	3
224	4
225	4
226	1
227	1
228	5
229	1
230	3
231	2
232	5
233	0
234	2
235	1
236	0
237	2
238	2
239	1
240	0
241	3
242	2
243	5
244	2
245	1
246	2
247	2
248	2
249	3
250	1
251	3
252	3
253	2
254	2
255	2
256	2
257	2
258	0
259	1
260	3
261	4
262	1
263	4
264	6
265	2
266	0
267	1
268	2
269	2
270	4
271	1
272	2
273	5
274	3
275	3
276	3
277	3
278	1
279	2
280	0
281	1
282	3
283	3
284	2
285	1
286	3
287	3
288	1
289	0
290	3
291	4
292	3
293	1
294	5
295	2
296	3
297	1
298	0
299	3
300	2
301	1
302	2
303	1
304	3
305	1
306	2
307	2
308	1
309	2
310	1
311	3
312	2
313	0
314	1
315	3
316	0
317	3
318	3
319	0
320	1
321	1
322	0
323	1
324	7
325	0
326	1
327	3
328	2
329	4
330	2
331	1
332	3
333	3
334	1
335	2
336	4
337	1
338	2
339	2
340	3
341	3
342	0
343	2
344	1
345	2
346	2
347	1
348	3
349	1
350	1
351	4
352	0
353	5
354	1
355	2
356	2
357	2
358	2
359	1
360	0
361	0
362	0
363	3
364	0
365	3
366	1
367	1
368	1
369	0
370	2
371	0
372	2
373	3
374	0
375	2
376	2
377	4
378	0
379	5
380	3
381	4
382	1
383	2
384	1
385	1
386	2
387	3
388	2
389	3
390	2
391	1
392	3
393	2
394	5
395	3
396	3
397	0
398	1
399	1
400	2
401	0
402	2
403	3
404	1
405	0
406	1
407	0
408	5
409	1
410	0
411	2
412	4
413	3
414	2
415	1
416	2
417	1
418	1
419	2
420	1
421	3
422	1
423	1
424	0
425	1
426	3
427	3
428	2
429	2
430	1
431	0
432	1
433	4
434	2
435	6
436	2
437	2
438	1
439	3
440	1
441	3
442	1
443	3
444	2
445	1
446	1
447	2
448	1
449	1
450	1
451	2
452	1
453	2
454	3
455	4
456	2
457	3
458	3
459	3
460	2
461	4
462	3
463	2
464	2
465	2
466	3
467	2
468	2
469	3
470	1
471	1
472	2
473	2
474	1
475	3
476	3
477	4
478	0
479	3
480	2
481	2
482	3
483	1
484	2
485	0
486	0
487	2
488	1
489	3
490	0
491	1
492	2
493	2
494	2
495	1
496	3
497	2
498	2
499	2
500	2
501	3
502	4
503	2
504	0
505	2
506	3
507	2
508	4
509	1
510	1
511	0
512	2
513	0
514	2
515	3
516	6
517	4
518	0
519	2
520	1
521	0
522	4
523	1
524	2
525	4
526	0
527	1
528	3
529	3
530	2
531	4
532	3
533	4
534	3
535	2
536	2
537	1
538	3
539	1
540	1
541	1
542	2
543	1
544	2
545	1
546	1
547	1
548	3
549	4
550	1
551	0
552	0
553	3
554	4
555	2
556	2
557	7
558	2
559	0
560	0
561	2
562	3
563	3
564	3
565	2
566	4
567	1
568	2
569	1
570	4
571	1
572	6
573	0
574	2
575	2
576	0
577	1
578	2
579	2
580	4
581	2
582	1
583	5
584	1
585	2
586	2
587	1
588	0
589	1
590	2
591	2
592	1
593	0
594	0
595	1
596	1
597	1
598	2
599	2
600	2
601	1
602	5
603	0
604	3
605	0
606	1
607	1
608	1
609	2
610	2
611	0
612	1
613	3
614	2
615	0
616	1
617	1
618	2
619	3
620	3
621	0
622	1
623	1
624	0
625	0
626	4
627	2
628	3
629	3
630	1
631	4
632	5
633	1
634	4
635	1
636	0
637	2
638	3
639	2
640	0
641	4
642	0
643	2
644	0
645	0
646	2
647	3
648	0
649	2
650	2
651	2
652	6
653	3
654	2
655	2
656	1
657	2
658	4
659	3
660	3
661	3
662	4
663	3
664	2
665	1
666	3
667	2
668	1
669	1
670	2
671	3
672	2
673	4
674	1
675	1
676	2
677	6
678	2
679	1
680	6
681	3
682	2
683	2
684	2
685	4
686	3
687	2
688	2
689	2
690	2
691	0
692	0
693	2
694	4
695	2
696	0
697	0
698	1
699	2
700	4
701	2
702	2
703	2
704	1
705	1
706	2
707	3
708	3
709	1
710	1
711	0
712	6
713	1
714	1
715	2
716	3
717	3
718	4
719	2
720	0
721	2
722	1
723	2
724	1
725	4
726	2
727	1
728	0
729	1
730	1
731	0
732	2
733	1
734	2
735	2
736	3
737	2
738	1
739	2
740	3
741	3
742	6
743	1
744	1
745	3
746	2
747	2
748	1
749	0
750	2
751	0
752	2
753	0
754	2
755	4
756	2
757	4
758	2
759	2
760	2
761	1
762	3
763	7
764	1
765	4
766	3
767	4
768	1
769	3
770	1
771	2
772	1
773	3
774	5
775	1
776	2
777	2
778	1
779	2
780	2
781	3
782	2
783	2
784	1
785	2
786	2
787	1
788	1
789	1
790	2
791	2
792	4
793	1
794	2
795	0
796	3
797	3
798	0
799	3
800	3
801	1
802	1
803	1
804	4
805	3
806	2
807	4
808	0
809	0
810	3
811	3
812	3
813	2
814	1
815	1
816	4
817	1
818	4
819	4
820	2
821	2
822	0
823	1
824	2
825	0
826	1
827	5
828	0
829	2
830	6
831	3
832	2
833	3
834	1
835	0
836	0
837	1
838	2
839	0
840	4
841	4
842	2
843	6
844	1
845	2
846	4
847	5
848	4
849	1
850	1
851	2
852	1
853	1
854	3
855	1
856	3
857	2
858	0
859	1
860	0
861	1
862	0
863	3
864	3
865	1
866	3
867	2
868	3
869	2
870	3
871	1
872	3
873	3
874	2
875	1
876	0
877	2
878	1
879	4
880	4
881	3
882	1
883	2
884	1
885	2
886	0
887	1
888	1
889	0
890	2
891	3
892	2
893	1
894	3
895	4
896	0
897	0
898	4
899	3
900	3
901	0
902	1
903	1
904	2
905	1
906	0
907	2
908	0
909	2
910	1
911	1
912	2
913	2
914	3
915	1
916	3
917	3
918	0
919	0
920	2
921	0
922	3
923	2
924	2
925	2
926	3
927	1
928	2
929	0
930	2
931	3
932	3
933	1
934	0
935	2
936	4
937	1
938	2
939	2
940	3
941	2
942	4
943	2
944	2
945	1
946	2
947	4
948	3
949	3
950	2
951	2
952	2
953	4
954	0
955	4
956	3
957	3
958	2
959	5
960	1
961	0
962	4
963	1
964	2
965	2
966	1
967	1
968	1
969	3
970	0
971	5
972	2
973	2
974	1
975	3
976	2
977	2
978	1
979	0
980	2
981	3
982	1
983	1
984	0
985	4
986	0
987	2
988	2
989	4
990	3
991	4
992	1
993	1
994	2
995	2
996	2
997	3
998	1
999	1
Node	Outdegree
0	1
1	1
2	2
3	4
4	1
5	4
6	3
7	2
8	3
9	3
10	3
11	2
12	0
13	3
14	5
15	1
16	1
17	4
18	1
19	2
20	0
21	4
22	2
23	0
24	1
25	1
26	1
27	1
28	3
29	3
30	5
31	3
32	2
33	2
34	2
35	1
36	5
37	0
38	1
39	3
40	2
41	0
42	7
43	2
44	1
45	1
46	3
47	1
48	2
49	1
50	3
51	3
52	6
53	1
54	1
55	0
56	2
57	0
58	1
59	2
60	4
61	0
62	1
63	3
64	2
65	0
66	5
67	4
68	2
69	0
70	2
71	2
72	4
73	2
74	2
75	2
76	0
77	2
78	2
79	1
80	2
81	2
82	0
83	2
84	0
85	2
86	1
87	5
88	1
89	0
90	1
91	1
92	1
93	3
94	1
95	2
96	1
97	2
98	0
99	4
100	1
101	5
102	4
103	1
104	2
105	1
106	4
107	8
108	2
109	4
110	4
111	2
112	4
113	2
114	2
115	2
116	2
117	0
118	1
119	2
120	1
121	4
122	0
123	3
124	0
125	1
126	1
127	4
128	3
129	1
130	1
131	1
132	2
133	3
134	1
135	2
136	3
137	1
138	7
139	3
140	1
141	3
142	3
143	3
144	3
145	2
146	1
147	1
148	0
149	1
150	3
151	3
152	2
153	2
154	2
155	1
156	2
157	0
158	0
159	0
160	1
161	2
162	5
163	4
164	4
165	3
166	4
167	3
168	0
169	3
170	1
171	3
172	2
173	1
174	1
175	4
176	3
177	2
178	2
179	3
180	0
181	1
182	0
183	2
184	2
185	2
186	3
187	1
188	2
189	1
190	1
191	4
192	2
193	5
194	3
195	2
196	2
197	4
198	2
199	2
200	2
201	1
202	3
203	2
204	0
205	3
206	2
207	1
208	2
209	1
210	1
211	2
212	1
213	1
214	2
215	2
216	3
217	2
218	2
219	2
220	2
221	3
222	1
223	3
224	1
225	0
226	1
227	0
228	4
229	2
230	3
231	3
232	1
233	4
234	0
235	1
236	2
237	0
238	2
239	2
240	2
241	0
242	1
243	2
244	2
245	0
246	2
247	2
248	1
249	0
250	1
251	1
252	4
253	3
254	0
255	1
256	2
257	2
258	0
259	2
260	2
261	2
262	4
263	4
264	0
265	0
266	1
267	3
268	4
269	4
270	3
271	3
272	1
273	0
274	4
275	1
276	1
277	2
278	2
279	3
280	3
281	3
282	2
283	4
284	2
285	2
286	1
287	1
288	1
289	4
290	1
291	3
292	2
293	5
294	1
295	3
296	2
297	0
298	3
299	0
300	0
301	1
302	1
303	2
304	1
305	2
306	2
307	2
308	5
309	2
310	1
311	2
312	0
313	1
314	2
315	0
316	1
317	0
318	1
319	1
320	3
321	3
322	2
323	2
324	0
325	3
326	1
327	1
328	0
329	3
330	5
331	1
332	1
333	1
334	1
335	0
336	1
337	1
338	0
339	1
340	0
341	1
342	0
343	1
344	1
345	2
346	1
347	2
348	2
349	0
350	0
351	1
352	0
353	1
354	1
355	4
356	1
357	4
358	4
359	5
360	2
361	2
362	3
363	0
364	0
365	1
366	2
367	2
368	3
369	3
370	1
371	4
372	2
373	3
374	3
375	1
376	2
377	2
378	5
379	1
380	5
381	2
382	0
383	1
384	0
385	2
386	1
387	2
388	2
389	1
390	3
391	2
392	3
393	0
394	3
395	3
396	4
397	4
398	2
399	1
400	5
401	1
402	5
403	0
404	3
405	2
406	4
407	2
408	2
409	2
410	2
411	2
412	6
413	3
414	1
415	0
416	1
417	0
418	6
419	4
420	0
421	3
422	1
423	1
424	3
425	2
426	0
427	1
428	2
429	2
430	2
431	1
432	3
433	1
434	6
435	3
436	1
437	0
438	0
439	4
440	1
441	5
442	1
443	4
444	3
445	0
446	6
447	3
448	3
449	2
450	1
451	3
452	3
453	2
454	2
455	1
456	2
457	1
458	1
459	4
460	2
461	3
462	0
463	1
464	1
465	3
466	3
467	1
468	3
469	3
470	2
471	0
472	6
473	2
474	0
475	7
476	2
477	2
478	1
479	2
480	5
481	0
482	2
483	2
484	2
485	5
486	1
487	4
488	2
489	1
490	1
491	3
492	3
493	1
494	2
495	4
496	4
497	1
498	0
499	0
500	1
501	4
502	0
503	1
504	1
505	1
506	1
507	0
508	3
509	1
510	3
511	1
512	0
513	2
514	2
515	2
516	0
517	2
518	1
519	2
520	3
521	3
522	2
523	4
524	1
525	0
526	0
527	2
528	2
529	2
530	1
531	1
532	3
533	1
534	1
535	3
536	3
537	3
538	3
539	1
540	5
541	1
542	1
543	3
544	3
545	1
546	3
547	2
548	2
549	1
550	2
551	3
552	2
553	4
554	2
555	1
556	1
557	1
558	0
559	2
560	3
561	0
562	4
563	1
564	3
565	1
566	5
567	2
568	1
569	4
570	0
571	0
572	1
573	0
574	0
575	1
576	2
577	0
578	2
579	0
580	6
581	3
582	5
583	0
584	4
585	4
586	6
587	4
588	1
589	2
590	2
591	2
592	1
593	2
594	2
595	0
596	2
597	3
598	0
599	2
600	1
601	3
602	1
603	2
604	1
605	0
606	3
607	4
608	0
609	2
610	3
611	4
612	2
613	3
614	7
615	1
616	1
617	3
618	2
619	0
620	3
621	1
622	5
623	0
624	4
625	3
626	1
627	2
628	3
629	3
630	1
631	1
632	4
633	4
634	0
635	1
636	3
637	3
638	2
639	2
640	3
641	2
642	1
643	1
644	0
645	2
646	1
647	1
648	4
649	4
650	2
651	2
652	2
653	4
654	1
655	1
656	3
657	3
658	2
659	1
660	1
661	2
662	2
663	1
664	3
665	1
666	3
667	0
668	2
669	2
670	5
671	3
672	1
673	1
674	3
675	1
676	4
677	0
678	4
679	0
680	0
681	2
682	5
683	1
684	1
685	1
686	1
687	3
688	2
689	5
690	1
691	4
692	1
693	1
694	1
695	0
696	4
697	3
698	3
699	4
700	1
701	0
702	4
703	2
704	3
705	3
706	3
707	2
708	0
709	1
710	2
711	3
712	2
713	1
714	2
715	1
716	4
717	3
718	2
719	5
720	2
721	0
722	0
723	0
724	1
725	1
726	0
727	2
728	0
729	1
730	2
731	2
732	0
733	2
734	2
735	2
736	1
737	2
738	3
739	1
740	4
741	5
742	2
743	0
744	3
745	3
746	3
747	1
748	1
749	5
750	3
751	2
752	2
753	2
754	1
755	0
756	0
757	1
758	3
759	4
760	1
761	0
762	3
763	1
764	6
765	3
766	2
767	3
768	6
769	1
770	3
771	4
772	4
773	4
774	2
775	2
776	1
777	1
778	1
779	2
780	1
781	3
782	2
783	0
784	0
785	0
786	1
787	2
788	2
789	1
790	1
791	4
792	2
793	4
794	3
795	4
796	1
797	3
798	1
799	1
800	2
801	2
802	2
803	2
804	4
805	5
806	0
807	0
808	1
809	3
810	2
811	4
812	3
813	1
814	0
815	3
816	4
817	1
818	2
819	2
820	1
821	4
822	5
823	3
824	2
825	3
826	0
827	2
828	3
829	2
830	2
831	4
832	2
833	4
834	1
835	3
836	2
837	2
838	2
839	2
840	3
841	2
842	1
843	2
844	4
845	1
846	1
847	1
848	2
849	4
850	3
851	3
852	4
853	5
854	0
855	5
856	4
857	2
858	1
859	1
860	0
861	1
862	3
863	0
864	0
865	2
866	1
867	5
868	3
869	3
870	1
871	1
872	2
873	2
874	0
875	6
876	2
877	0
878	2
879	2
880	1
881	1
882	4
883	1
884	0
885	6
886	2
887	2
888	2
889	1
890	2
891	2
892	0
893	1
894	4
895	1
896	1
897	3
898	0
899	3
900	0
901	3
902	3
903	1
904	3
905	0
906	1
907	2
908	5
909	1
910	2
911	2
912	4
913	0
914	2
915	1
916	2
917	0
918	2
919	2
920	2
921	1
922	1
923	0
924	4
925	1
926	0
927	2
928	4
929	1
930	3
931	3
932	3
933	0
934	2
935	2
936	1
937	1
938	3
939	1
940	2
941	1
942	2
943	2
944	5
945	0
946	2
947	2
948	2
949	2
950	3
951	4
952	1
953	3
954	2
955	2
956	4
957	1
958	3
959	2
960	3
961	1
962	0
963	2
964	2
965	2
966	2
967	4
968	1
969	1
970	1
971	1
972	2
973	0
974	2
975	2
976	0
977	2
978	2
979	0
980	4
981	4
982	3
983	0
984	3
985	2
986	1
987	3
988	2
989	1
990	3
991	4
992	2
993	3
994	0
995	1
996	1
997	1
998	2
999	3
