Nodes 	Degree of Nodes 
0		5
1		8
2		10
3		7
4		9
5		12
6		5
7		8
8		5
9		4
10		6
11		5
12		11
13		7
14		5
15		7
16		10
17		6
18		8
19		11
20		8
21		6
22		11
23		7
24		6
25		7
26		9
27		6
28		12
29		4
30		5
31		6
32		7
33		9
34		5
35		9
36		7
37		8
38		9
39		4
40		8
41		11
42		4
43		5
44		5
45		5
46		6
47		7
48		9
49		3
50		12
51		9
52		6
53		10
54		9
55		11
56		10
57		3
58		7
59		7
60		12
61		4
62		7
63		3
64		7
65		5
66		5
67		8
68		9
69		8
70		6
71		3
72		5
73		4
74		3
75		7
76		10
77		13
78		8
79		5
80		6
81		7
82		8
83		8
84		8
85		11
86		6
87		8
88		6
89		8
90		6
91		3
92		7
93		7
94		3
95		12
96		9
97		6
98		5
99		6
100		4
101		7
102		7
103		8
104		5
105		9
106		6
107		7
108		9
109		4
110		6
111		7
112		4
113		6
114		8
115		6
116		4
117		8
118		10
119		7
120		3
121		4
122		2
123		7
124		4
125		6
126		6
127		8
128		14
129		5
130		18
131		5
132		7
133		7
134		9
135		10
136		8
137		7
138		5
139		5
140		5
141		10
142		4
143		4
144		6
145		10
146		5
147		8
148		9
149		12
150		7
151		10
152		8
153		9
154		12
155		10
156		3
157		8
158		5
159		2
160		6
161		7
162		5
163		7
164		4
165		5
166		2
167		6
168		4
169		11
170		7
171		5
172		5
173		6
174		3
175		11
176		5
177		5
178		7
179		11
180		5
181		4
182		6
183		6
184		7
185		6
186		10
187		2
188		5
189		5
190		10
191		6
192		5
193		8
194		6
195		5
196		6
197		3
198		9
199		6
200		1
201		12
202		8
203		7
204		8
205		4
206		10
207		6
208		5
209		2
210		5
211		5
212		9
213		6
214		6
215		10
216		9
217		8
218		9
219		6
220		9
221		8
222		7
223		7
224		5
225		9
226		7
227		7
228		9
229		10
230		7
231		3
232		8
233		10
234		6
235		7
236		4
237		5
238		8
239		5
240		8
241		5
242		7
243		7
244		5
245		6
246		5
247		4
248		6
249		7
250		10
251		12
252		5
253		5
254		11
255		4
256		9
257		6
258		10
259		10
260		5
261		6
262		3
263		8
264		4
265		4
266		7
267		10
268		9
269		6
270		10
271		10
272		6
273		7
274		6
275		8
276		4
277		5
278		4
279		5
280		6
281		6
282		7
283		7
284		4
285		7
286		6
287		7
288		7
289		13
290		4
291		8
292		9
293		4
294		7
295		2
296		7
297		3
298		6
299		6
300		11
301		6
302		10
303		4
304		11
305		5
306		7
307		4
308		7
309		5
310		7
311		7
312		6
313		6
314		9
315		7
316		11
317		8
318		4
319		11
320		11
321		9
322		10
323		5
324		5
325		7
326		5
327		4
328		6
329		2
330		3
331		11
332		6
333		6
334		7
335		6
336		5
337		11
338		5
339		2
340		7
341		6
342		10
343		2
344		4
345		3
346		3
347		4
348		6
349		13
350		3
351		5
352		10
353		9
354		8
355		6
356		8
357		8
358		3
359		8
360		7
361		7
362		8
363		10
364		5
365		6
366		5
367		7
368		11
369		10
370		9
371		6
372		4
373		6
374		2
375		5
376		4
377		6
378		3
379		6
380		10
381		6
382		6
383		10
384		3
385		2
386		10
387		3
388		3
389		5
390		8
391		13
392		7
393		9
394		7
395		9
396		3
397		13
398		3
399		6
400		7
401		4
402		7
403		9
404		7
405		5
406		4
407		4
408		7
409		6
410		6
411		8
412		4
413		0
414		8
415		7
416		3
417		10
418		10
419		2
420		3
421		6
422		13
423		7
424		6
425		4
426		9
427		9
428		6
429		13
430		10
431		7
432		5
433		8
434		5
435		12
436		8
437		9
438		5
439		9
440		4
441		8
442		6
443		4
444		5
445		2
446		6
447		5
448		6
449		10
450		13
451		10
452		7
453		12
454		12
455		6
456		8
457		2
458		4
459		8
460		14
461		7
462		9
463		5
464		3
465		7
466		7
467		5
468		5
469		4
470		5
471		3
472		9
473		5
474		3
475		7
476		8
477		8
478		6
479		4
480		5
481		6
482		11
483		6
484		13
485		5
486		2
487		4
488		4
489		9
490		4
491		12
492		5
493		6
494		11
495		2
496		7
497		8
498		10
499		5
500		6
501		12
502		5
503		7
504		9
505		3
506		8
507		7
508		5
509		5
510		12
511		5
512		7
513		5
514		6
515		8
516		3
517		6
518		9
519		5
520		8
521		4
522		3
523		5
524		8
525		12
526		7
527		4
528		7
529		6
530		8
531		8
532		5
533		4
534		14
535		4
536		9
537		4
538		8
539		5
540		7
541		5
542		9
543		4
544		5
545		6
546		8
547		4
548		6
549		4
550		9
551		4
552		4
553		2
554		6
555		9
556		6
557		7
558		12
559		1
560		8
561		6
562		4
563		7
564		4
565		7
566		9
567		6
568		7
569		8
570		7
571		7
572		9
573		5
574		7
575		9
576		8
577		7
578		7
579		13
580		8
581		8
582		6
583		8
584		7
585		10
586		1
587		7
588		9
589		6
590		5
591		5
592		6
593		4
594		3
595		5
596		8
597		6
598		3
599		6
600		9
601		6
602		12
603		9
604		5
605		10
606		4
607		9
608		4
609		5
610		6
611		6
612		6
613		8
614		4
615		7
616		10
617		9
618		5
619		5
620		13
621		8
622		10
623		6
624		11
625		10
626		8
627		6
628		7
629		8
630		6
631		4
632		7
633		9
634		8
635		7
636		3
637		8
638		10
639		3
640		4
641		4
642		6
643		4
644		5
645		9
646		5
647		6
648		5
649		5
650		4
651		7
652		4
653		4
654		6
655		11
656		6
657		3
658		5
659		3
660		3
661		6
662		5
663		5
664		10
665		7
666		9
667		11
668		10
669		8
670		8
671		6
672		11
673		6
674		8
675		7
676		9
677		13
678		6
679		8
680		4
681		6
682		3
683		5
684		8
685		5
686		8
687		3
688		5
689		6
690		8
691		4
692		7
693		4
694		3
695		9
696		6
697		6
698		6
699		7
700		0
701		5
702		6
703		8
704		5
705		8
706		11
707		2
708		6
709		7
710		10
711		5
712		6
713		3
714		6
715		3
716		4
717		8
718		3
719		6
720		6
721		3
722		8
723		6
724		4
725		8
726		7
727		10
728		3
729		11
730		6
731		4
732		1
733		3
734		7
735		4
736		7
737		6
738		14
739		7
740		5
741		4
742		8
743		6
744		4
745		8
746		10
747		7
748		10
749		5
750		6
751		10
752		2
753		5
754		6
755		3
756		10
757		5
758		6
759		5
760		11
761		4
762		4
763		8
764		7
765		9
766		3
767		9
768		7
769		5
770		6
771		7
772		4
773		10
774		12
775		4
776		4
777		3
778		11
779		6
780		8
781		5
782		8
783		4
784		6
785		7
786		9
787		7
788		12
789		7
790		8
791		5
792		6
793		7
794		2
795		5
796		6
797		7
798		13
799		4
800		6
801		7
802		5
803		4
804		3
805		5
806		3
807		13
808		1
809		2
810		6
811		5
812		9
813		4
814		5
815		5
816		9
817		7
818		4
819		4
820		3
821		9
822		9
823		5
824		9
825		5
826		3
827		6
828		8
829		3
830		9
831		7
832		6
833		5
834		6
835		4
836		6
837		6
838		4
839		6
840		6
841		8
842		4
843		7
844		10
845		9
846		8
847		7
848		7
849		6
850		7
851		4
852		4
853		5
854		5
855		5
856		9
857		6
858		8
859		12
860		6
861		8
862		6
863		5
864		8
865		4
866		5
867		5
868		7
869		6
870		3
871		5
872		10
873		5
874		6
875		8
876		3
877		7
878		5
879		6
880		8
881		8
882		7
883		7
884		3
885		9
886		4
887		7
888		5
889		13
890		9
891		6
892		7
893		5
894		4
895		6
896		6
897		9
898		6
899		8
900		6
901		12
902		5
903		7
904		10
905		8
906		10
907		3
908		4
909		8
910		8
911		5
912		2
913		12
914		6
915		6
916		6
917		3
918		8
919		4
920		6
921		6
922		8
923		4
924		5
925		6
926		10
927		3
928		6
929		9
930		7
931		5
932		6
933		7
934		5
935		6
936		7
937		4
938		9
939		8
940		2
941		4
942		2
943		11
944		6
945		13
946		12
947		4
948		4
949		3
950		7
951		10
952		5
953		8
954		7
955		9
956		4
957		10
958		9
959		8
960		9
961		7
962		10
963		9
964		5
965		7
966		7
967		8
968		0
969		6
970		8
971		4
972		7
973		4
974		7
975		4
976		4
977		9
978		8
979		6
980		5
981		6
982		1
983		6
984		8
985		4
986		10
987		4
988		1
989		5
990		7
991		7
992		6
993		4
994		8
995		6
996		9
997		4
998		6
999		9
1000		7
1001		5
1002		6
1003		11
1004		11
1005		8
1006		6
1007		3
1008		4
1009		2
1010		9
1011		4
1012		6
1013		3
1014		8
1015		12
1016		9
1017		5
1018		9
1019		6
1020		5
1021		5
1022		6
1023		8
1024		7
1025		5
1026		7
1027		6
1028		8
1029		6
1030		9
1031		8
1032		9
1033		2
1034		5
1035		7
1036		3
1037		4
1038		5
1039		9
1040		9
1041		8
1042		6
1043		8
1044		4
1045		10
1046		7
1047		6
1048		8
1049		4
1050		8
1051		6
1052		10
1053		10
1054		8
1055		6
1056		7
1057		7
1058		6
1059		7
1060		8
1061		13
1062		5
1063		6
1064		2
1065		9
1066		7
1067		7
1068		1
1069		8
1070		7
1071		10
1072		2
1073		6
1074		6
1075		9
1076		5
1077		7
1078		6
1079		8
1080		10
1081		5
1082		7
1083		11
1084		9
1085		8
1086		5
1087		6
1088		5
1089		7
1090		6
1091		12
1092		11
1093		5
1094		8
1095		8
1096		7
1097		5
1098		7
1099		5
1100		3
1101		8
1102		4
1103		6
1104		9
1105		9
1106		6
1107		7
1108		7
1109		5
1110		3
1111		8
1112		5
1113		5
1114		9
1115		9
1116		8
1117		6
1118		7
1119		5
1120		7
1121		10
1122		7
1123		6
1124		6
1125		6
1126		2
1127		7
1128		10
1129		7
1130		7
1131		10
1132		11
1133		9
1134		8
1135		4
1136		5
1137		5
1138		8
1139		7
1140		5
1141		3
1142		2
1143		4
1144		10
1145		4
1146		8
1147		5
1148		5
1149		2
1150		6
1151		5
1152		5
1153		6
1154		7
1155		5
1156		5
1157		9
1158		7
1159		7
1160		7
1161		9
1162		8
1163		8
1164		7
1165		6
1166		4
1167		5
1168		7
1169		10
1170		3
1171		2
1172		5
1173		7
1174		6
1175		7
1176		12
1177		7
1178		8
1179		4
1180		8
1181		8
1182		7
1183		4
1184		4
1185		5
1186		8
1187		11
1188		12
1189		5
1190		8
1191		8
1192		8
1193		6
1194		2
1195		8
1196		2
1197		12
1198		5
1199		5
1200		6
1201		4
1202		4
1203		2
1204		6
1205		12
1206		6
1207		6
1208		7
1209		5
1210		3
1211		5
1212		7
1213		6
1214		6
1215		6
1216		6
1217		6
1218		12
1219		7
1220		8
1221		5
1222		5
1223		7
1224		9
1225		4
1226		3
1227		3
1228		4
1229		6
1230		2
1231		10
1232		7
1233		7
1234		8
1235		11
1236		10
1237		8
1238		11
1239		4
1240		6
1241		6
1242		8
1243		6
1244		8
1245		6
1246		4
1247		4
1248		5
1249		4
1250		7
1251		2
1252		7
1253		8
1254		7
1255		4
1256		8
1257		8
1258		8
1259		4
1260		6
1261		10
1262		4
1263		3
1264		6
1265		5
1266		11
1267		4
1268		3
1269		6
1270		3
1271		6
1272		6
1273		8
1274		10
1275		5
1276		6
1277		8
1278		9
1279		6
1280		2
1281		3
1282		3
1283		7
1284		11
1285		7
1286		2
1287		12
1288		5
1289		5
1290		7
1291		4
1292		3
1293		5
1294		2
1295		8
1296		5
1297		2
1298		10
1299		7
1300		8
1301		12
1302		13
1303		7
1304		11
1305		4
1306		3
1307		4
1308		8
1309		10
1310		7
1311		11
1312		3
1313		13
1314		8
1315		11
1316		1
1317		10
1318		4
1319		2
1320		9
1321		5
1322		3
1323		4
1324		6
1325		6
1326		6
1327		5
1328		4
1329		6
1330		11
1331		6
1332		5
1333		8
1334		6
1335		7
1336		8
1337		10
1338		14
1339		4
1340		4
1341		6
1342		10
1343		7
1344		8
1345		12
1346		8
1347		7
1348		5
1349		9
1350		9
1351		7
1352		5
1353		6
1354		6
1355		6
1356		7
1357		4
1358		8
1359		10
1360		9
1361		3
1362		4
1363		7
1364		8
1365		7
1366		15
1367		5
1368		6
1369		7
1370		6
1371		11
1372		7
1373		10
1374		7
1375		7
1376		12
1377		8
1378		8
1379		5
1380		4
1381		14
1382		7
1383		7
1384		6
1385		14
1386		4
1387		10
1388		4
1389		9
1390		14
1391		6
1392		8
1393		2
1394		9
1395		9
1396		9
1397		4
1398		4
1399		9
1400		5
1401		8
1402		9
1403		6
1404		7
1405		2
1406		5
1407		7
1408		12
1409		5
1410		10
1411		6
1412		4
1413		6
1414		7
1415		3
1416		6
1417		12
1418		8
1419		7
1420		5
1421		11
1422		2
1423		5
1424		6
1425		14
1426		6
1427		9
1428		2
1429		8
1430		4
1431		9
1432		6
1433		1
1434		11
1435		11
1436		8
1437		5
1438		8
1439		10
1440		12
1441		8
1442		5
1443		13
1444		6
1445		4
1446		7
1447		5
1448		10
1449		9
1450		4
1451		3
1452		6
1453		6
1454		12
1455		11
1456		4
1457		12
1458		5
1459		4
1460		9
1461		4
1462		4
1463		9
1464		6
1465		7
1466		9
1467		7
1468		12
1469		6
1470		3
1471		2
1472		8
1473		3
1474		11
1475		2
1476		5
1477		12
1478		7
1479		5
1480		3
1481		7
1482		6
1483		1
1484		7
1485		6
1486		5
1487		2
1488		6
1489		7
1490		5
1491		4
1492		6
1493		7
1494		13
1495		7
1496		6
1497		8
1498		8
1499		4
1500		10
1501		11
1502		8
1503		6
1504		5
1505		5
1506		10
1507		7
1508		4
1509		4
1510		6
1511		14
1512		8
1513		6
1514		8
1515		7
1516		7
1517		9
1518		5
1519		8
1520		7
1521		8
1522		5
1523		7
1524		7
1525		8
1526		5
1527		7
1528		6
1529		6
1530		7
1531		2
1532		9
1533		8
1534		9
1535		7
1536		4
1537		5
1538		8
1539		9
1540		9
1541		12
1542		8
1543		9
1544		3
1545		4
1546		5
1547		8
1548		5
1549		5
1550		6
1551		4
1552		9
1553		3
1554		3
1555		7
1556		8
1557		3
1558		3
1559		8
1560		5
1561		8
1562		5
1563		6
1564		1
1565		5
1566		4
1567		5
1568		6
1569		8
1570		7
1571		7
1572		7
1573		5
1574		4
1575		8
1576		9
1577		8
1578		3
1579		9
1580		7
1581		6
1582		8
1583		6
1584		10
1585		8
1586		7
1587		4
1588		12
1589		5
1590		3
1591		6
1592		6
1593		6
1594		11
1595		5
1596		10
1597		7
1598		5
1599		6
1600		4
1601		6
1602		7
1603		8
1604		5
1605		9
1606		7
1607		6
1608		5
1609		8
1610		6
1611		7
1612		11
1613		4
1614		6
1615		8
1616		7
1617		8
1618		9
1619		5
1620		5
1621		7
1622		10
1623		7
1624		7
1625		6
1626		8
1627		5
1628		7
1629		8
1630		5
1631		4
1632		11
1633		6
1634		8
1635		10
1636		8
1637		8
1638		7
1639		10
1640		5
1641		7
1642		5
1643		10
1644		9
1645		7
1646		8
1647		11
1648		6
1649		11
1650		3
1651		6
1652		3
1653		9
1654		8
1655		6
1656		8
1657		8
1658		9
1659		5
1660		7
1661		8
1662		14
1663		3
1664		4
1665		5
1666		4
1667		6
1668		9
1669		6
1670		4
1671		2
1672		6
1673		10
1674		6
1675		6
1676		4
1677		5
1678		9
1679		13
1680		3
1681		9
1682		8
1683		5
1684		16
1685		5
1686		7
1687		7
1688		8
1689		7
1690		8
1691		5
1692		3
1693		5
1694		8
1695		6
1696		8
1697		11
1698		8
1699		4
1700		7
1701		4
1702		5
1703		5
1704		6
1705		9
1706		6
1707		8
1708		2
1709		8
1710		8
1711		6
1712		5
1713		4
1714		4
1715		8
1716		10
1717		6
1718		3
1719		9
1720		9
1721		6
1722		9
1723		10
1724		6
1725		9
1726		9
1727		12
1728		9
1729		10
1730		7
1731		4
1732		9
1733		7
1734		11
1735		12
1736		6
1737		3
1738		4
1739		3
1740		6
1741		7
1742		5
1743		10
1744		5
1745		6
1746		7
1747		5
1748		5
1749		8
1750		7
1751		6
1752		9
1753		12
1754		8
1755		6
1756		11
1757		4
1758		11
1759		10
1760		5
1761		11
1762		4
1763		9
1764		7
1765		4
1766		8
1767		8
1768		3
1769		10
1770		9
1771		5
1772		6
1773		7
1774		5
1775		6
1776		7
1777		6
1778		1
1779		5
1780		5
1781		7
1782		3
1783		6
1784		6
1785		6
1786		8
1787		13
1788		8
1789		4
1790		5
1791		9
1792		8
1793		4
1794		4
1795		7
1796		14
1797		3
1798		5
1799		6
1800		8
1801		5
1802		8
1803		6
1804		6
1805		5
1806		8
1807		9
1808		7
1809		6
1810		6
1811		8
1812		6
1813		7
1814		3
1815		10
1816		12
1817		4
1818		14
1819		6
1820		6
1821		7
1822		7
1823		3
1824		7
1825		8
1826		8
1827		10
1828		5
1829		4
1830		6
1831		8
1832		7
1833		7
1834		9
1835		8
1836		9
1837		7
1838		6
1839		8
1840		8
1841		12
1842		9
1843		6
1844		8
1845		2
1846		2
1847		6
1848		10
1849		5
1850		8
1851		12
1852		6
1853		4
1854		3
1855		4
1856		7
1857		4
1858		8
1859		5
1860		10
1861		5
1862		9
1863		7
1864		3
1865		7
1866		8
1867		5
1868		7
1869		4
1870		4
1871		12
1872		2
1873		8
1874		8
1875		7
1876		5
1877		5
1878		8
1879		11
1880		10
1881		10
1882		4
1883		8
1884		6
1885		6
1886		5
1887		8
1888		11
1889		6
1890		6
1891		6
1892		9
1893		5
1894		5
1895		7
1896		6
1897		9
1898		11
1899		11
1900		7
1901		3
1902		8
1903		5
1904		5
1905		5
1906		5
1907		4
1908		7
1909		9
1910		7
1911		6
1912		5
1913		5
1914		7
1915		11
1916		6
1917		8
1918		5
1919		9
1920		8
1921		2
1922		4
1923		5
1924		8
1925		5
1926		9
1927		5
1928		7
1929		2
1930		11
1931		10
1932		6
1933		2
1934		7
1935		7
1936		8
1937		11
1938		3
1939		9
1940		3
1941		4
1942		7
1943		6
1944		7
1945		7
1946		9
1947		2
1948		6
1949		3
1950		3
1951		6
1952		9
1953		6
1954		2
1955		7
1956		8
1957		14
1958		7
1959		3
1960		6
1961		8
1962		6
1963		5
1964		10
1965		3
1966		6
1967		4
1968		8
1969		10
1970		9
1971		6
1972		10
1973		9
1974		6
1975		7
1976		6
1977		10
1978		2
1979		6
1980		9
1981		2
1982		7
1983		4
1984		7
1985		10
1986		3
1987		6
1988		5
1989		9
1990		8
1991		5
1992		5
1993		11
1994		3
1995		11
1996		6
1997		3
1998		7
1999		13
2000		7
2001		8
2002		8
2003		6
2004		8
2005		9
2006		8
2007		6
2008		5
2009		4
2010		7
2011		8
2012		3
2013		7
2014		4
2015		4
2016		9
2017		3
2018		8
2019		8
2020		7
2021		11
2022		9
2023		7
2024		5
2025		7
2026		11
2027		8
2028		5
2029		8
2030		8
2031		9
2032		5
2033		4
2034		13
2035		7
2036		7
2037		3
2038		5
2039		10
2040		4
2041		8
2042		5
2043		4
2044		7
2045		3
2046		9
2047		12
2048		4
2049		7
2050		6
2051		6
2052		5
2053		6
2054		9
2055		10
2056		12
2057		3
2058		6
2059		5
2060		7
2061		3
2062		9
2063		4
2064		4
2065		5
2066		11
2067		8
2068		5
2069		7
2070		6
2071		5
2072		6
2073		10
2074		5
2075		3
2076		5
2077		9
2078		7
2079		7
2080		7
2081		6
2082		4
2083		6
2084		8
2085		7
2086		3
2087		5
2088		4
2089		6
2090		6
2091		3
2092		4
2093		2
2094		5
2095		6
2096		7
2097		5
2098		10
2099		10
2100		4
2101		7
2102		4
2103		5
2104		2
2105		4
2106		6
2107		6
2108		0
2109		3
2110		5
2111		12
2112		6
2113		4
2114		8
2115		1
2116		5
2117		7
2118		2
2119		7
2120		6
2121		5
2122		5
2123		6
2124		4
2125		7
2126		5
2127		4
2128		8
2129		6
2130		3
2131		11
2132		4
2133		9
2134		5
2135		3
2136		11
2137		9
2138		8
2139		9
2140		12
2141		8
2142		6
2143		4
2144		4
2145		7
2146		8
2147		6
2148		11
2149		5
2150		9
2151		10
2152		6
2153		6
2154		10
2155		2
2156		9
2157		12
2158		8
2159		7
2160		7
2161		6
2162		9
2163		3
2164		3
2165		6
2166		4
2167		6
2168		11
2169		3
2170		8
2171		9
2172		1
2173		8
2174		3
2175		8
2176		4
2177		6
2178		5
2179		8
2180		8
2181		12
2182		6
2183		5
2184		4
2185		5
2186		4
2187		6
2188		7
2189		2
2190		6
2191		6
2192		11
2193		6
2194		5
2195		5
2196		4
2197		11
2198		7
2199		8
2200		5
2201		6
2202		5
2203		9
2204		8
2205		8
2206		7
2207		3
2208		10
2209		5
2210		10
2211		7
2212		6
2213		11
2214		11
2215		13
2216		4
2217		14
2218		12
2219		4
2220		4
2221		9
2222		7
2223		4
2224		9
2225		7
2226		5
2227		7
2228		4
2229		7
2230		4
2231		9
2232		8
2233		10
2234		3
2235		7
2236		6
2237		2
2238		6
2239		5
2240		8
2241		9
2242		8
2243		6
2244		2
2245		6
2246		5
2247		3
2248		7
2249		6
2250		5
2251		5
2252		6
2253		9
2254		10
2255		8
2256		8
2257		9
2258		9
2259		10
2260		3
2261		4
2262		5
2263		7
2264		9
2265		9
2266		5
2267		5
2268		6
2269		5
2270		3
2271		5
2272		5
2273		7
2274		6
2275		4
2276		2
2277		6
2278		10
2279		10
2280		12
2281		8
2282		3
2283		15
2284		3
2285		12
2286		8
2287		9
2288		3
2289		7
2290		9
2291		3
2292		5
2293		8
2294		9
2295		10
2296		11
2297		3
2298		7
2299		10
2300		6
2301		4
2302		4
2303		5
2304		4
2305		7
2306		6
2307		7
2308		11
2309		5
2310		12
2311		9
2312		6
2313		6
2314		8
2315		6
2316		10
2317		9
2318		10
2319		11
2320		5
2321		11
2322		8
2323		4
2324		4
2325		5
2326		4
2327		3
2328		3
2329		4
2330		7
2331		10
2332		7
2333		8
2334		4
2335		5
2336		1
2337		5
2338		2
2339		6
2340		4
2341		5
2342		9
2343		5
2344		4
2345		9
2346		4
2347		6
2348		6
2349		4
2350		9
2351		2
2352		6
2353		2
2354		3
2355		7
2356		10
2357		3
2358		7
2359		6
2360		6
2361		11
2362		3
2363		7
2364		5
2365		16
2366		4
2367		4
2368		4
2369		3
2370		5
2371		4
2372		8
2373		7
2374		9
2375		6
2376		4
2377		8
2378		10
2379		7
2380		8
2381		6
2382		9
2383		4
2384		10
2385		8
2386		9
2387		9
2388		4
2389		6
2390		8
2391		5
2392		10
2393		11
2394		5
2395		7
2396		10
2397		11
2398		8
2399		12
2400		6
2401		3
2402		9
2403		7
2404		5
2405		3
2406		5
2407		6
2408		10
2409		3
2410		6
2411		8
2412		6
2413		6
2414		5
2415		9
2416		9
2417		5
2418		1
2419		8
2420		11
2421		10
2422		6
2423		5
2424		7
2425		3
2426		8
2427		6
2428		8
2429		9
2430		10
2431		8
2432		8
2433		3
2434		5
2435		7
2436		7
2437		8
2438		10
2439		5
2440		4
2441		8
2442		10
2443		5
2444		6
2445		5
2446		8
2447		5
2448		6
2449		5
2450		3
2451		9
2452		8
2453		4
2454		3
2455		6
2456		2
2457		8
2458		10
2459		3
2460		8
2461		7
2462		7
2463		9
2464		7
2465		5
2466		3
2467		8
2468		7
2469		2
2470		9
2471		3
2472		10
2473		4
2474		7
2475		9
2476		4
2477		3
2478		8
2479		3
2480		9
2481		9
2482		7
2483		12
2484		4
2485		5
2486		2
2487		9
2488		2
2489		9
2490		9
2491		11
2492		7
2493		8
2494		3
2495		1
2496		11
2497		4
2498		5
2499		9
2500		7
2501		7
2502		5
2503		3
2504		7
2505		6
2506		5
2507		1
2508		6
2509		3
2510		5
2511		2
2512		6
2513		6
2514		12
2515		3
2516		2
2517		7
2518		2
2519		9
2520		7
2521		9
2522		8
2523		3
2524		5
2525		11
2526		6
2527		3
2528		9
2529		8
2530		10
2531		8
2532		6
2533		6
2534		9
2535		6
2536		8
2537		4
2538		7
2539		10
2540		3
2541		10
2542		7
2543		4
2544		7
2545		10
2546		8
2547		8
2548		4
2549		9
2550		12
2551		5
2552		4
2553		14
2554		8
2555		7
2556		7
2557		5
2558		8
2559		4
2560		10
2561		6
2562		7
2563		2
2564		7
2565		9
2566		3
2567		8
2568		9
2569		9
2570		12
2571		2
2572		8
2573		6
2574		4
2575		11
2576		5
2577		5
2578		7
2579		2
2580		4
2581		6
2582		4
2583		10
2584		7
2585		6
2586		6
2587		8
2588		5
2589		3
2590		9
2591		5
2592		6
2593		5
2594		6
2595		5
2596		8
2597		7
2598		5
2599		5
2600		7
2601		8
2602		5
2603		7
2604		5
2605		5
2606		9
2607		9
2608		6
2609		10
2610		6
2611		3
2612		9
2613		3
2614		4
2615		5
2616		9
2617		9
2618		3
2619		8
2620		7
2621		9
2622		8
2623		8
2624		5
2625		7
2626		7
2627		6
2628		3
2629		10
2630		7
2631		3
2632		7
2633		8
2634		10
2635		7
2636		6
2637		6
2638		9
2639		9
2640		6
2641		6
2642		8
2643		6
2644		5
2645		7
2646		6
2647		7
2648		1
2649		8
2650		1
2651		3
2652		4
2653		9
2654		9
2655		5
2656		10
2657		8
2658		7
2659		7
2660		4
2661		8
2662		7
2663		11
2664		4
2665		7
2666		10
2667		9
2668		3
2669		9
2670		6
2671		8
2672		7
2673		7
2674		7
2675		6
2676		13
2677		6
2678		6
2679		5
2680		12
2681		7
2682		3
2683		5
2684		5
2685		1
2686		13
2687		6
2688		8
2689		4
2690		4
2691		9
2692		8
2693		6
2694		11
2695		14
2696		7
2697		6
2698		12
2699		5
2700		8
2701		10
2702		6
2703		8
2704		8
2705		7
2706		7
2707		7
2708		11
2709		6
2710		7
2711		5
2712		5
2713		10
2714		8
2715		9
2716		4
2717		5
2718		6
2719		4
2720		7
2721		8
2722		7
2723		9
2724		4
2725		5
2726		10
2727		11
2728		10
2729		4
2730		8
2731		2
2732		9
2733		8
2734		11
2735		7
2736		7
2737		4
2738		11
2739		7
2740		9
2741		2
2742		5
2743		8
2744		8
2745		5
2746		12
2747		8
2748		4
2749		9
2750		10
2751		7
2752		4
2753		7
2754		5
2755		3
2756		11
2757		5
2758		6
2759		6
2760		6
2761		3
2762		9
2763		9
2764		9
2765		14
2766		4
2767		4
2768		4
2769		7
2770		10
2771		6
2772		3
2773		2
2774		9
2775		7
2776		4
2777		3
2778		7
2779		5
2780		6
2781		4
2782		9
2783		7
2784		9
2785		7
2786		6
2787		7
2788		3
2789		10
2790		3
2791		4
2792		6
2793		4
2794		7
2795		7
2796		7
2797		10
2798		7
2799		7
2800		9
2801		4
2802		5
2803		6
2804		2
2805		6
2806		6
2807		4
2808		8
2809		6
2810		5
2811		6
2812		7
2813		3
2814		9
2815		3
2816		7
2817		4
2818		7
2819		7
2820		6
2821		5
2822		4
2823		6
2824		4
2825		7
2826		6
2827		3
2828		10
2829		11
2830		6
2831		4
2832		2
2833		7
2834		9
2835		7
2836		11
2837		6
2838		6
2839		7
2840		5
2841		8
2842		11
2843		5
2844		9
2845		6
2846		6
2847		7
2848		4
2849		3
2850		3
2851		6
2852		5
2853		5
2854		5
2855		9
2856		7
2857		10
2858		4
2859		6
2860		9
2861		11
2862		10
2863		7
2864		6
2865		11
2866		7
2867		5
2868		6
2869		3
2870		5
2871		5
2872		5
2873		10
2874		7
2875		7
2876		7
2877		3
2878		7
2879		6
2880		5
2881		11
2882		5
2883		6
2884		8
2885		6
2886		9
2887		5
2888		5
2889		3
2890		6
2891		3
2892		8
2893		9
2894		4
2895		7
2896		10
2897		13
2898		3
2899		7
2900		6
2901		3
2902		6
2903		8
2904		7
2905		5
2906		7
2907		7
2908		8
2909		3
2910		6
2911		7
2912		7
2913		9
2914		7
2915		7
2916		7
2917		4
2918		6
2919		8
2920		7
2921		9
2922		7
2923		6
2924		7
2925		7
2926		4
2927		14
2928		10
2929		3
2930		15
2931		2
2932		9
2933		8
2934		6
2935		10
2936		9
2937		5
2938		9
2939		1
2940		7
2941		4
2942		11
2943		8
2944		14
2945		7
2946		5
2947		8
2948		8
2949		7
2950		10
2951		13
2952		9
2953		6
2954		6
2955		9
2956		3
2957		4
2958		7
2959		8
2960		4
2961		5
2962		8
2963		8
2964		6
2965		12
2966		5
2967		10
2968		4
2969		9
2970		7
2971		2
2972		5
2973		7
2974		6
2975		6
2976		4
2977		13
2978		6
2979		9
2980		2
2981		13
2982		4
2983		1
2984		8
2985		9
2986		12
2987		5
2988		2
2989		8
2990		7
2991		9
2992		8
2993		6
2994		10
2995		10
2996		4
2997		9
2998		3
2999		12
3000		4
3001		10
3002		6
3003		10
3004		7
3005		5
3006		8
3007		5
3008		10
3009		7
3010		11
3011		7
3012		7
3013		10
3014		4
3015		4
3016		2
3017		8
3018		11
3019		6
3020		3
3021		7
3022		9
3023		4
3024		3
3025		4
3026		4
3027		7
3028		6
3029		4
3030		4
3031		4
3032		6
3033		9
3034		7
3035		7
3036		5
3037		5
3038		8
3039		7
3040		4
3041		10
3042		8
3043		5
3044		6
3045		10
3046		7
3047		11
3048		6
3049		6
3050		3
3051		8
3052		8
3053		4
3054		4
3055		4
3056		9
3057		12
3058		7
3059		4
3060		5
3061		8
3062		10
3063		5
3064		6
3065		7
3066		13
3067		8
3068		6
3069		4
3070		10
3071		4
3072		4
3073		7
3074		2
3075		6
3076		3
3077		5
3078		5
3079		7
3080		6
3081		7
3082		7
3083		7
3084		7
3085		4
3086		4
3087		4
3088		7
3089		6
3090		5
3091		6
3092		4
3093		4
3094		6
3095		5
3096		9
3097		8
3098		5
3099		7
3100		7
3101		3
3102		5
3103		8
3104		7
3105		4
3106		2
3107		10
3108		11
3109		6
3110		6
3111		8
3112		6
3113		9
3114		4
3115		6
3116		7
3117		9
3118		10
3119		7
3120		5
3121		5
3122		3
3123		3
3124		5
3125		5
3126		6
3127		8
3128		12
3129		9
3130		8
3131		6
3132		4
3133		6
3134		8
3135		4
3136		5
3137		3
3138		6
3139		6
3140		7
3141		5
3142		8
3143		10
3144		8
3145		10
3146		2
3147		11
3148		8
3149		4
3150		5
3151		4
3152		12
3153		6
3154		7
3155		9
3156		7
3157		8
3158		4
3159		5
3160		8
3161		5
3162		7
3163		9
3164		2
3165		6
3166		8
3167		8
3168		5
3169		2
3170		2
3171		10
3172		7
3173		8
3174		10
3175		7
3176		5
3177		6
3178		2
3179		5
3180		9
3181		8
3182		9
3183		5
3184		8
3185		5
3186		5
3187		4
3188		10
3189		3
3190		13
3191		7
3192		2
3193		7
3194		9
3195		4
3196		5
3197		10
3198		3
3199		8
3200		7
3201		7
3202		6
3203		7
3204		5
3205		2
3206		7
3207		4
3208		12
3209		9
3210		9
3211		4
3212		3
3213		6
3214		6
3215		7
3216		4
3217		5
3218		3
3219		7
3220		3
3221		6
3222		5
3223		9
3224		5
3225		4
3226		9
3227		7
3228		6
3229		7
3230		4
3231		7
3232		9
3233		2
3234		2
3235		8
3236		9
3237		7
3238		3
3239		3
3240		6
3241		8
3242		5
3243		6
3244		12
3245		7
3246		11
3247		10
3248		6
3249		7
3250		8
3251		5
3252		5
3253		1
3254		1
3255		8
3256		4
3257		13
3258		7
3259		5
3260		8
3261		6
3262		5
3263		6
3264		5
3265		9
3266		7
3267		6
3268		8
3269		7
3270		8
3271		4
3272		10
3273		12
3274		9
3275		8
3276		9
3277		9
3278		17
3279		12
3280		5
3281		6
3282		7
3283		11
3284		7
3285		12
3286		5
3287		6
3288		8
3289		5
3290		7
3291		5
3292		8
3293		10
3294		7
3295		9
3296		9
3297		8
3298		4
3299		9
3300		3
3301		4
3302		6
3303		8
3304		10
3305		6
3306		10
3307		5
3308		3
3309		6
3310		4
3311		7
3312		5
3313		7
3314		5
3315		4
3316		7
3317		4
3318		8
3319		4
3320		8
3321		6
3322		9
3323		8
3324		5
3325		3
3326		5
3327		9
3328		2
3329		8
3330		10
3331		9
3332		7
3333		7
3334		7
3335		8
3336		6
3337		4
3338		8
3339		4
3340		3
3341		9
3342		4
3343		5
3344		5
3345		5
3346		8
3347		8
3348		6
3349		7
3350		6
3351		6
3352		4
3353		8
3354		6
3355		7
3356		9
3357		11
3358		7
3359		5
3360		9
3361		8
3362		4
3363		7
3364		6
3365		7
3366		6
3367		8
3368		4
3369		5
3370		6
3371		9
3372		8
3373		9
3374		6
3375		5
3376		5
3377		7
3378		4
3379		8
3380		7
3381		7
3382		5
3383		7
3384		7
3385		6
3386		6
3387		10
3388		13
3389		4
3390		9
3391		7
3392		6
3393		6
3394		6
3395		3
3396		10
3397		5
3398		5
3399		5
3400		3
3401		9
3402		11
3403		4
3404		6
3405		8
3406		4
3407		6
3408		5
3409		4
3410		5
3411		6
3412		7
3413		6
3414		7
3415		9
3416		7
3417		2
3418		7
3419		3
3420		6
3421		6
3422		10
3423		4
3424		2
3425		3
3426		4
3427		5
3428		11
3429		5
3430		6
3431		9
3432		8
3433		8
3434		5
3435		7
3436		9
3437		9
3438		5
3439		3
3440		5
3441		6
3442		6
3443		5
3444		10
3445		5
3446		6
3447		7
3448		4
3449		5
3450		6
3451		4
3452		6
3453		7
3454		10
3455		5
3456		11
3457		7
3458		7
3459		6
3460		6
3461		6
3462		9
3463		5
3464		7
3465		4
3466		8
3467		6
3468		8
3469		8
3470		10
3471		8
3472		6
3473		3
3474		4
3475		7
3476		8
3477		8
3478		9
3479		4
3480		6
3481		5
3482		9
3483		4
3484		5
3485		10
3486		15
3487		12
3488		8
3489		9
3490		8
3491		6
3492		5
3493		4
3494		6
3495		5
3496		6
3497		8
3498		5
3499		6
3500		9
3501		7
3502		7
3503		6
3504		6
3505		6
3506		5
3507		10
3508		9
3509		11
3510		6
3511		4
3512		7
3513		9
3514		5
3515		3
3516		7
3517		11
3518		10
3519		7
3520		7
3521		3
3522		9
3523		6
3524		6
3525		13
3526		5
3527		2
3528		5
3529		5
3530		3
3531		5
3532		5
3533		7
3534		4
3535		4
3536		3
3537		9
3538		5
3539		10
3540		3
3541		6
3542		2
3543		8
3544		9
3545		9
3546		9
3547		5
3548		4
3549		7
3550		12
3551		8
3552		9
3553		8
3554		6
3555		6
3556		9
3557		4
3558		5
3559		7
3560		7
3561		4
3562		6
3563		8
3564		4
3565		4
3566		4
3567		9
3568		6
3569		6
3570		6
3571		7
3572		7
3573		6
3574		6
3575		7
3576		5
3577		1
3578		7
3579		4
3580		6
3581		6
3582		10
3583		6
3584		4
3585		9
3586		5
3587		7
3588		4
3589		7
3590		8
3591		9
3592		4
3593		3
3594		6
3595		7
3596		7
3597		10
3598		10
3599		8
3600		11
3601		4
3602		6
3603		8
3604		7
3605		7
3606		8
3607		3
3608		9
3609		6
3610		8
3611		5
3612		5
3613		6
3614		7
3615		5
3616		4
3617		6
3618		2
3619		5
3620		3
3621		7
3622		8
3623		8
3624		11
3625		5
3626		10
3627		8
3628		5
3629		6
3630		7
3631		5
3632		12
3633		11
3634		4
3635		1
3636		10
3637		7
3638		7
3639		13
3640		4
3641		7
3642		6
3643		6
3644		8
3645		10
3646		6
3647		7
3648		7
3649		5
3650		6
3651		8
3652		8
3653		4
3654		5
3655		5
3656		10
3657		9
3658		5
3659		4
3660		4
3661		3
3662		3
3663		11
3664		4
3665		5
3666		6
3667		5
3668		10
3669		3
3670		4
3671		2
3672		15
3673		3
3674		7
3675		6
3676		4
3677		10
3678		6
3679		6
3680		5
3681		5
3682		6
3683		4
3684		4
3685		6
3686		7
3687		5
3688		4
3689		5
3690		8
3691		4
3692		8
3693		3
3694		5
3695		6
3696		8
3697		10
3698		6
3699		12
3700		5
3701		7
3702		8
3703		9
3704		4
3705		13
3706		5
3707		7
3708		11
3709		9
3710		8
3711		11
3712		8
3713		5
3714		6
3715		7
3716		9
3717		10
3718		8
3719		3
3720		8
3721		11
3722		6
3723		4
3724		9
3725		7
3726		8
3727		7
3728		5
3729		5
3730		4
3731		10
3732		4
3733		9
3734		6
3735		9
3736		7
3737		6
3738		5
3739		4
3740		10
3741		5
3742		7
3743		5
3744		9
3745		2
3746		3
3747		7
3748		6
3749		8
3750		4
3751		6
3752		11
3753		8
3754		8
3755		2
3756		4
3757		4
3758		2
3759		9
3760		4
3761		6
3762		6
3763		3
3764		5
3765		11
3766		5
3767		9
3768		10
3769		4
3770		13
3771		7
3772		4
3773		6
3774		8
3775		6
3776		8
3777		4
3778		6
3779		7
3780		10
3781		10
3782		3
3783		10
3784		6
3785		7
3786		10
3787		8
3788		10
3789		7
3790		8
3791		10
3792		2
3793		6
3794		5
3795		6
3796		3
3797		6
3798		8
3799		7
3800		9
3801		9
3802		6
3803		5
3804		11
3805		7
3806		4
3807		4
3808		2
3809		6
3810		7
3811		2
3812		10
3813		6
3814		8
3815		2
3816		5
3817		5
3818		8
3819		4
3820		5
3821		3
3822		7
3823		9
3824		4
3825		8
3826		4
3827		5
3828		8
3829		7
3830		6
3831		6
3832		8
3833		8
3834		10
3835		8
3836		4
3837		8
3838		3
3839		8
3840		6
3841		12
3842		4
3843		4
3844		6
3845		7
3846		7
3847		7
3848		9
3849		6
3850		11
3851		8
3852		5
3853		5
3854		3
3855		10
3856		4
3857		7
3858		5
3859		8
3860		7
3861		7
3862		5
3863		9
3864		11
3865		7
3866		7
3867		4
3868		9
3869		10
3870		7
3871		7
3872		6
3873		5
3874		2
3875		8
3876		2
3877		4
3878		6
3879		1
3880		10
3881		4
3882		4
3883		6
3884		2
3885		6
3886		5
3887		2
3888		7
3889		9
3890		7
3891		7
3892		7
3893		8
3894		9
3895		10
3896		8
3897		6
3898		9
3899		9
3900		9
3901		9
3902		7
3903		4
3904		4
3905		10
3906		4
3907		4
3908		8
3909		4
3910		2
3911		5
3912		9
3913		6
3914		12
3915		12
3916		3
3917		7
3918		6
3919		6
3920		10
3921		5
3922		10
3923		6
3924		7
3925		5
3926		4
3927		9
3928		12
3929		3
3930		7
3931		7
3932		5
3933		5
3934		8
3935		7
3936		10
3937		2
3938		5
3939		6
3940		9
3941		8
3942		6
3943		7
3944		8
3945		7
3946		7
3947		11
3948		11
3949		12
3950		7
3951		6
3952		7
3953		10
3954		9
3955		9
3956		9
3957		7
3958		3
3959		7
3960		7
3961		6
3962		6
3963		6
3964		6
3965		5
3966		7
3967		6
3968		15
3969		10
3970		10
3971		6
3972		10
3973		5
3974		10
3975		11
3976		8
3977		7
3978		8
3979		5
3980		10
3981		7
3982		14
3983		9
3984		10
3985		4
3986		2
3987		4
3988		4
3989		7
3990		5
3991		6
3992		5
3993		7
3994		7
3995		5
3996		12
3997		4
3998		12
3999		4
4000		10
4001		12
4002		7
4003		10
4004		8
4005		9
4006		5
4007		10
4008		5
4009		9
4010		5
4011		7
4012		12
4013		3
4014		3
4015		5
4016		6
4017		7
4018		6
4019		7
4020		7
4021		6
4022		7
4023		9
4024		3
4025		3
4026		8
4027		8
4028		8
4029		5
4030		4
4031		4
4032		5
4033		4
4034		4
4035		6
4036		7
4037		7
4038		5
4039		3
4040		1
4041		10
4042		6
4043		8
4044		3
4045		5
4046		8
4047		5
4048		6
4049		9
4050		5
4051		9
4052		3
4053		5
4054		7
4055		8
4056		9
4057		5
4058		7
4059		7
4060		9
4061		3
4062		9
4063		14
4064		11
4065		4
4066		7
4067		6
4068		9
4069		8
4070		10
4071		3
4072		7
4073		3
4074		5
4075		5
4076		7
4077		8
4078		4
4079		4
4080		11
4081		7
4082		7
4083		7
4084		7
4085		8
4086		13
4087		7
4088		4
4089		8
4090		10
4091		5
4092		4
4093		4
4094		5
4095		5
4096		6
4097		9
4098		7
4099		9
4100		4
4101		11
4102		11
4103		5
4104		4
4105		5
4106		6
4107		6
4108		7
4109		5
4110		5
4111		4
4112		4
4113		5
4114		6
4115		9
4116		9
4117		6
4118		5
4119		5
4120		6
4121		4
4122		10
4123		9
4124		4
4125		7
4126		7
4127		12
4128		7
4129		8
4130		10
4131		5
4132		7
4133		12
4134		8
4135		7
4136		7
4137		7
4138		4
4139		5
4140		6
4141		7
4142		7
4143		7
4144		4
4145		8
4146		2
4147		5
4148		5
4149		8
4150		7
4151		2
4152		5
4153		8
4154		7
4155		4
4156		10
4157		10
4158		6
4159		6
4160		8
4161		9
4162		6
4163		6
4164		11
4165		4
4166		8
4167		7
4168		6
4169		9
4170		6
4171		2
4172		5
4173		6
4174		10
4175		12
4176		8
4177		9
4178		8
4179		11
4180		8
4181		5
4182		16
4183		6
4184		8
4185		6
4186		8
4187		8
4188		7
4189		8
4190		2
4191		6
4192		3
4193		3
4194		8
4195		9
4196		6
4197		8
4198		11
4199		7
4200		6
4201		4
4202		10
4203		7
4204		7
4205		6
4206		9
4207		9
4208		7
4209		10
4210		5
4211		7
4212		8
4213		5
4214		3
4215		3
4216		7
4217		5
4218		9
4219		7
4220		8
4221		11
4222		3
4223		5
4224		6
4225		6
4226		6
4227		6
4228		10
4229		1
4230		6
4231		7
4232		3
4233		7
4234		7
4235		7
4236		5
4237		5
4238		7
4239		4
4240		6
4241		9
4242		9
4243		6
4244		4
4245		10
4246		7
4247		4
4248		6
4249		6
4250		7
4251		4
4252		9
4253		4
4254		11
4255		9
4256		9
4257		1
4258		7
4259		8
4260		5
4261		11
4262		3
4263		4
4264		7
4265		6
4266		9
4267		3
4268		7
4269		10
4270		5
4271		9
4272		5
4273		9
4274		6
4275		8
4276		4
4277		8
4278		11
4279		12
4280		12
4281		6
4282		2
4283		7
4284		3
4285		7
4286		10
4287		8
4288		4
4289		4
4290		10
4291		10
4292		5
4293		7
4294		9
4295		9
4296		4
4297		3
4298		5
4299		5
4300		7
4301		10
4302		9
4303		7
4304		8
4305		6
4306		2
4307		2
4308		7
4309		7
4310		10
4311		4
4312		1
4313		9
4314		8
4315		8
4316		4
4317		4
4318		3
4319		6
4320		6
4321		9
4322		4
4323		5
4324		17
4325		2
4326		8
4327		8
4328		5
4329		11
4330		10
4331		6
4332		7
4333		4
4334		6
4335		8
4336		4
4337		8
4338		8
4339		5
4340		10
4341		5
4342		11
4343		1
4344		3
4345		7
4346		7
4347		4
4348		6
4349		6
4350		8
4351		10
4352		11
4353		6
4354		9
4355		9
4356		14
4357		6
4358		9
4359		7
4360		8
4361		7
4362		6
4363		7
4364		9
4365		9
4366		8
4367		4
4368		7
4369		4
4370		8
4371		2
4372		6
4373		7
4374		5
4375		11
4376		11
4377		6
4378		9
4379		5
4380		6
4381		8
4382		4
4383		11
4384		4
4385		7
4386		5
4387		5
4388		4
4389		6
4390		6
4391		12
4392		5
4393		8
4394		9
4395		6
4396		10
4397		12
4398		4
4399		5
4400		6
4401		4
4402		6
4403		0
4404		8
4405		6
4406		8
4407		16
4408		6
4409		8
4410		5
4411		3
4412		4
4413		12
4414		7
4415		8
4416		3
4417		10
4418		6
4419		6
4420		7
4421		7
4422		7
4423		7
4424		4
4425		5
4426		5
4427		10
4428		6
4429		8
4430		8
4431		6
4432		6
4433		4
4434		11
4435		11
4436		10
4437		8
4438		9
4439		6
4440		6
4441		5
4442		4
4443		9
4444		9
4445		8
4446		7
4447		9
4448		1
4449		5
4450		5
4451		7
4452		10
4453		10
4454		7
4455		8
4456		6
4457		8
4458		9
4459		11
4460		6
4461		8
4462		7
4463		8
4464		9
4465		10
4466		8
4467		4
4468		6
4469		10
4470		5
4471		4
4472		8
4473		8
4474		6
4475		7
4476		6
4477		11
4478		6
4479		7
4480		6
4481		4
4482		5
4483		4
4484		12
4485		5
4486		7
4487		7
4488		5
4489		7
4490		10
4491		11
4492		7
4493		3
4494		6
4495		7
4496		5
4497		6
4498		10
4499		3
4500		6
4501		9
4502		7
4503		7
4504		7
4505		2
4506		4
4507		4
4508		10
4509		5
4510		4
4511		2
4512		6
4513		10
4514		10
4515		11
4516		13
4517		5
4518		6
4519		6
4520		5
4521		12
4522		7
4523		5
4524		4
4525		6
4526		6
4527		3
4528		6
4529		7
4530		5
4531		3
4532		8
4533		7
4534		6
4535		7
4536		6
4537		6
4538		4
4539		6
4540		7
4541		1
4542		3
4543		9
4544		12
4545		4
4546		8
4547		6
4548		6
4549		6
4550		9
4551		6
4552		7
4553		7
4554		9
4555		5
4556		7
4557		8
4558		10
4559		10
4560		10
4561		8
4562		5
4563		9
4564		9
4565		4
4566		13
4567		9
4568		5
4569		6
4570		8
4571		5
4572		11
4573		9
4574		10
4575		3
4576		11
4577		9
4578		5
4579		8
4580		8
4581		9
4582		4
4583		5
4584		5
4585		7
4586		6
4587		8
4588		12
4589		3
4590		8
4591		6
4592		5
4593		7
4594		7
4595		4
4596		7
4597		5
4598		10
4599		6
4600		6
4601		3
4602		6
4603		6
4604		5
4605		3
4606		7
4607		6
4608		12
4609		8
4610		11
4611		9
4612		3
4613		4
4614		9
4615		8
4616		7
4617		5
4618		9
4619		7
4620		5
4621		5
4622		8
4623		10
4624		6
4625		11
4626		3
4627		9
4628		3
4629		10
4630		3
4631		4
4632		8
4633		6
4634		5
4635		3
4636		15
4637		5
4638		7
4639		7
4640		2
4641		11
4642		5
4643		5
4644		4
4645		7
4646		5
4647		6
4648		6
4649		8
4650		7
4651		10
4652		8
4653		8
4654		7
4655		8
4656		3
4657		12
4658		9
4659		7
4660		9
4661		9
4662		9
4663		7
4664		9
4665		9
4666		7
4667		8
4668		6
4669		13
4670		6
4671		9
4672		8
4673		4
4674		8
4675		6
4676		7
4677		5
4678		12
4679		2
4680		7
4681		2
4682		3
4683		7
4684		5
4685		7
4686		9
4687		8
4688		9
4689		11
4690		8
4691		2
4692		7
4693		2
4694		6
4695		5
4696		6
4697		12
4698		2
4699		8
4700		10
4701		9
4702		5
4703		6
4704		5
4705		4
4706		4
4707		4
4708		2
4709		4
4710		7
4711		10
4712		3
4713		6
4714		4
4715		7
4716		7
4717		11
4718		6
4719		2
4720		3
4721		3
4722		7
4723		6
4724		2
4725		4
4726		6
4727		7
4728		7
4729		7
4730		4
4731		5
4732		6
4733		8
4734		10
4735		8
4736		3
4737		7
4738		6
4739		6
4740		11
4741		13
4742		16
4743		6
4744		5
4745		8
4746		4
4747		7
4748		3
4749		5
4750		4
4751		5
4752		7
4753		7
4754		4
4755		3
4756		8
4757		9
4758		6
4759		8
4760		7
4761		8
4762		5
4763		4
4764		11
4765		11
4766		3
4767		6
4768		5
4769		9
4770		8
4771		7
4772		6
4773		12
4774		4
4775		9
4776		5
4777		5
4778		8
4779		10
4780		5
4781		3
4782		11
4783		6
4784		6
4785		6
4786		4
4787		4
4788		7
4789		3
4790		11
4791		9
4792		4
4793		6
4794		10
4795		10
4796		5
4797		7
4798		8
4799		1
4800		10
4801		6
4802		2
4803		6
4804		6
4805		8
4806		5
4807		6
4808		9
4809		7
4810		5
4811		7
4812		9
4813		5
4814		6
4815		2
4816		7
4817		5
4818		4
4819		10
4820		8
4821		10
4822		12
4823		6
4824		5
4825		7
4826		6
4827		8
4828		8
4829		6
4830		3
4831		6
4832		4
4833		5
4834		10
4835		7
4836		2
4837		6
4838		3
4839		5
4840		9
4841		11
4842		7
4843		5
4844		7
4845		8
4846		10
4847		4
4848		8
4849		6
4850		5
4851		5
4852		3
4853		9
4854		6
4855		4
4856		8
4857		14
4858		5
4859		8
4860		8
4861		9
4862		12
4863		7
4864		12
4865		6
4866		10
4867		7
4868		12
4869		9
4870		7
4871		5
4872		8
4873		6
4874		12
4875		7
4876		8
4877		7
4878		7
4879		8
4880		4
4881		8
4882		9
4883		4
4884		9
4885		4
4886		6
4887		9
4888		5
4889		7
4890		9
4891		2
4892		8
4893		8
4894		5
4895		6
4896		2
4897		3
4898		10
4899		4
4900		16
4901		9
4902		5
4903		4
4904		12
4905		13
4906		8
4907		7
4908		7
4909		6
4910		5
4911		6
4912		7
4913		3
4914		10
4915		2
4916		3
4917		10
4918		6
4919		5
4920		11
4921		4
4922		4
4923		7
4924		7
4925		5
4926		8
4927		2
4928		7
4929		9
4930		5
4931		5
4932		7
4933		4
4934		7
4935		7
4936		10
4937		1
4938		9
4939		7
4940		4
4941		6
4942		8
4943		9
4944		10
4945		8
4946		4
4947		5
4948		8
4949		4
4950		5
4951		3
4952		12
4953		9
4954		6
4955		5
4956		9
4957		3
4958		6
4959		5
4960		2
4961		10
4962		5
4963		3
4964		7
4965		8
4966		9
4967		6
4968		5
4969		4
4970		12
4971		3
4972		7
4973		7
4974		7
4975		10
4976		9
4977		5
4978		7
4979		3
4980		6
4981		8
4982		11
4983		6
4984		9
4985		9
4986		6
4987		5
4988		7
4989		3
4990		4
4991		2
4992		9
4993		6
4994		8
4995		7
4996		3
4997		5
4998		10
4999		0
5000		6
5001		7
5002		9
5003		3
5004		8
5005		14
5006		5
5007		8
5008		8
5009		7
5010		6
5011		7
5012		4
5013		10
5014		14
5015		4
5016		6
5017		5
5018		6
5019		5
5020		4
5021		7
5022		7
5023		4
5024		6
5025		7
5026		9
5027		6
5028		8
5029		3
5030		8
5031		11
5032		5
5033		9
5034		4
5035		5
5036		8
5037		5
5038		6
5039		11
5040		4
5041		3
5042		8
5043		7
5044		8
5045		7
5046		4
5047		5
5048		11
5049		5
5050		9
5051		8
5052		5
5053		4
5054		6
5055		7
5056		4
5057		9
5058		3
5059		7
5060		5
5061		5
5062		6
5063		5
5064		1
5065		9
5066		15
5067		1
5068		8
5069		3
5070		9
5071		4
5072		8
5073		7
5074		4
5075		9
5076		7
5077		3
5078		2
5079		6
5080		8
5081		6
5082		5
5083		6
5084		3
5085		11
5086		11
5087		8
5088		9
5089		7
5090		10
5091		4
5092		3
5093		5
5094		10
5095		7
5096		7
5097		3
5098		3
5099		5
5100		7
5101		12
5102		5
5103		6
5104		12
5105		7
5106		6
5107		6
5108		2
5109		8
5110		5
5111		8
5112		8
5113		2
5114		9
5115		4
5116		9
5117		15
5118		7
5119		5
5120		5
5121		5
5122		6
5123		4
5124		6
5125		11
5126		4
5127		6
5128		5
5129		7
5130		6
5131		4
5132		4
5133		2
5134		3
5135		8
5136		6
5137		8
5138		7
5139		2
5140		12
5141		9
5142		6
5143		9
5144		7
5145		9
5146		5
5147		9
5148		6
5149		6
5150		10
5151		11
5152		6
5153		9
5154		7
5155		8
5156		8
5157		5
5158		6
5159		8
5160		3
5161		8
5162		3
5163		10
5164		7
5165		7
5166		6
5167		3
5168		9
5169		6
5170		5
5171		6
5172		15
5173		4
5174		5
5175		7
5176		4
5177		6
5178		5
5179		6
5180		3
5181		5
5182		7
5183		6
5184		4
5185		6
5186		8
5187		7
5188		11
5189		11
5190		10
5191		8
5192		7
5193		6
5194		4
5195		4
5196		7
5197		4
5198		3
5199		9
5200		7
5201		9
5202		6
5203		6
5204		6
5205		5
5206		8
5207		5
5208		8
5209		5
5210		8
5211		10
5212		8
5213		10
5214		8
5215		3
5216		7
5217		6
5218		9
5219		4
5220		4
5221		5
5222		4
5223		6
5224		5
5225		7
5226		7
5227		4
5228		4
5229		3
5230		6
5231		8
5232		7
5233		3
5234		4
5235		5
5236		4
5237		6
5238		10
5239		7
5240		7
5241		10
5242		5
5243		6
5244		8
5245		13
5246		3
5247		7
5248		8
5249		9
5250		2
5251		10
5252		4
5253		2
5254		12
5255		4
5256		2
5257		9
5258		2
5259		4
5260		4
5261		8
5262		4
5263		5
5264		4
5265		11
5266		6
5267		2
5268		3
5269		4
5270		4
5271		10
5272		8
5273		5
5274		8
5275		4
5276		4
5277		3
5278		3
5279		8
5280		8
5281		12
5282		1
5283		13
5284		4
5285		4
5286		3
5287		5
5288		7
5289		7
5290		9
5291		3
5292		7
5293		7
5294		7
5295		7
5296		9
5297		7
5298		9
5299		3
5300		2
5301		5
5302		7
5303		6
5304		6
5305		3
5306		3
5307		4
5308		6
5309		2
5310		4
5311		5
5312		7
5313		10
5314		4
5315		6
5316		13
5317		13
5318		5
5319		3
5320		10
5321		2
5322		5
5323		4
5324		8
5325		9
5326		3
5327		6
5328		7
5329		7
5330		8
5331		7
5332		6
5333		5
5334		4
5335		12
5336		4
5337		4
5338		7
5339		8
5340		4
5341		8
5342		10
5343		5
5344		6
5345		4
5346		8
5347		12
5348		4
5349		7
5350		11
5351		11
5352		8
5353		5
5354		11
5355		3
5356		4
5357		7
5358		7
5359		8
5360		4
5361		7
5362		12
5363		3
5364		5
5365		15
5366		8
5367		8
5368		10
5369		5
5370		12
5371		3
5372		4
5373		10
5374		4
5375		6
5376		6
5377		9
5378		8
5379		5
5380		6
5381		6
5382		9
5383		9
5384		9
5385		9
5386		8
5387		9
5388		9
5389		7
5390		2
5391		9
5392		5
5393		7
5394		7
5395		6
5396		9
5397		6
5398		5
5399		8
5400		14
5401		9
5402		12
5403		8
5404		7
5405		5
5406		5
5407		4
5408		9
5409		6
5410		8
5411		4
5412		11
5413		5
5414		4
5415		7
5416		2
5417		8
5418		7
5419		8
5420		7
5421		7
5422		6
5423		4
5424		5
5425		3
5426		9
5427		11
5428		7
5429		5
5430		5
5431		4
5432		7
5433		10
5434		9
5435		6
5436		6
5437		4
5438		6
5439		4
5440		8
5441		13
5442		5
5443		10
5444		5
5445		5
5446		5
5447		4
5448		3
5449		9
5450		11
5451		7
5452		3
5453		4
5454		5
5455		3
5456		9
5457		8
5458		7
5459		7
5460		6
5461		4
5462		7
5463		6
5464		4
5465		7
5466		3
5467		6
5468		7
5469		7
5470		6
5471		12
5472		9
5473		8
5474		4
5475		7
5476		10
5477		5
5478		7
5479		6
5480		7
5481		6
5482		4
5483		4
5484		10
5485		6
5486		6
5487		8
5488		4
5489		6
5490		11
5491		2
5492		4
5493		9
5494		12
5495		2
5496		4
5497		5
5498		6
5499		7
5500		4
5501		9
5502		4
5503		4
5504		8
5505		5
5506		6
5507		3
5508		12
5509		7
5510		10
5511		5
5512		8
5513		2
5514		4
5515		7
5516		7
5517		9
5518		9
5519		8
5520		1
5521		3
5522		5
5523		6
5524		10
5525		5
5526		5
5527		5
5528		6
5529		7
5530		6
5531		5
5532		4
5533		7
5534		9
5535		11
5536		9
5537		6
5538		9
5539		4
5540		8
5541		5
5542		10
5543		6
5544		9
5545		5
5546		6
5547		5
5548		4
5549		7
5550		5
5551		9
5552		6
5553		6
5554		3
5555		5
5556		8
5557		8
5558		6
5559		8
5560		8
5561		5
5562		6
5563		4
5564		6
5565		11
5566		8
5567		5
5568		9
5569		7
5570		9
5571		9
5572		7
5573		4
5574		2
5575		5
5576		13
5577		5
5578		10
5579		5
5580		3
5581		5
5582		6
5583		6
5584		7
5585		6
5586		8
5587		4
5588		7
5589		7
5590		4
5591		11
5592		1
5593		5
5594		3
5595		6
5596		13
5597		7
5598		7
5599		7
5600		6
5601		5
5602		5
5603		9
5604		4
5605		5
5606		6
5607		5
5608		7
5609		3
5610		8
5611		1
5612		5
5613		4
5614		2
5615		5
5616		4
5617		4
5618		7
5619		8
5620		9
5621		6
5622		6
5623		4
5624		6
5625		7
5626		10
5627		6
5628		6
5629		3
5630		5
5631		6
5632		4
5633		9
5634		7
5635		4
5636		9
5637		7
5638		4
5639		8
5640		7
5641		4
5642		5
5643		8
5644		9
5645		13
5646		8
5647		5
5648		5
5649		7
5650		10
5651		8
5652		7
5653		3
5654		3
5655		15
5656		5
5657		7
5658		7
5659		3
5660		10
5661		5
5662		7
5663		6
5664		5
5665		6
5666		5
5667		8
5668		11
5669		5
5670		4
5671		8
5672		5
5673		14
5674		5
5675		8
5676		8
5677		10
5678		8
5679		7
5680		6
5681		10
5682		6
5683		8
5684		2
5685		9
5686		8
5687		4
5688		7
5689		6
5690		2
5691		6
5692		6
5693		4
5694		5
5695		5
5696		4
5697		6
5698		8
5699		10
5700		2
5701		8
5702		7
5703		4
5704		7
5705		7
5706		9
5707		4
5708		4
5709		11
5710		8
5711		7
5712		7
5713		1
5714		8
5715		5
5716		8
5717		6
5718		6
5719		6
5720		7
5721		4
5722		4
5723		6
5724		9
5725		4
5726		8
5727		7
5728		1
5729		5
5730		3
5731		5
5732		7
5733		9
5734		5
5735		9
5736		5
5737		7
5738		1
5739		6
5740		4
5741		5
5742		6
5743		11
5744		2
5745		6
5746		2
5747		9
5748		7
5749		4
5750		6
5751		9
5752		13
5753		12
5754		7
5755		8
5756		6
5757		6
5758		7
5759		9
5760		10
5761		3
5762		8
5763		9
5764		8
5765		5
5766		6
5767		5
5768		3
5769		5
5770		5
5771		3
5772		8
5773		5
5774		9
5775		8
5776		9
5777		7
5778		2
5779		6
5780		5
5781		7
5782		5
5783		8
5784		8
5785		8
5786		5
5787		10
5788		8
5789		4
5790		12
5791		7
5792		8
5793		4
5794		3
5795		12
5796		6
5797		4
5798		7
5799		5
5800		11
5801		9
5802		4
5803		5
5804		6
5805		5
5806		9
5807		5
5808		7
5809		11
5810		5
5811		5
5812		4
5813		6
5814		5
5815		10
5816		4
5817		3
5818		4
5819		5
5820		3
5821		4
5822		8
5823		8
5824		8
5825		7
5826		11
5827		6
5828		9
5829		0
5830		3
5831		3
5832		9
5833		7
5834		10
5835		7
5836		2
5837		4
5838		5
5839		1
5840		5
5841		4
5842		3
5843		2
5844		9
5845		6
5846		4
5847		5
5848		6
5849		2
5850		6
5851		13
5852		10
5853		5
5854		8
5855		4
5856		13
5857		7
5858		7
5859		5
5860		10
5861		11
5862		5
5863		7
5864		4
5865		7
5866		3
5867		12
5868		7
5869		7
5870		7
5871		8
5872		10
5873		7
5874		8
5875		10
5876		12
5877		9
5878		12
5879		2
5880		4
5881		4
5882		5
5883		5
5884		7
5885		10
5886		4
5887		9
5888		9
5889		6
5890		6
5891		8
5892		10
5893		9
5894		3
5895		4
5896		8
5897		3
5898		9
5899		4
5900		6
5901		5
5902		8
5903		10
5904		8
5905		8
5906		6
5907		5
5908		5
5909		11
5910		8
5911		10
5912		6
5913		3
5914		6
5915		6
5916		4
5917		4
5918		3
5919		10
5920		3
5921		2
5922		3
5923		8
5924		5
5925		6
5926		5
5927		8
5928		6
5929		11
5930		7
5931		4
5932		7
5933		4
5934		9
5935		4
5936		2
5937		9
5938		10
5939		6
5940		9
5941		1
5942		8
5943		9
5944		12
5945		7
5946		3
5947		8
5948		5
5949		6
5950		5
5951		7
5952		13
5953		5
5954		5
5955		10
5956		2
5957		5
5958		7
5959		8
5960		6
5961		3
5962		10
5963		7
5964		6
5965		2
5966		10
5967		3
5968		6
5969		7
5970		9
5971		9
5972		11
5973		5
5974		7
5975		7
5976		7
5977		8
5978		8
5979		9
5980		6
5981		10
5982		4
5983		9
5984		3
5985		9
5986		5
5987		9
5988		5
5989		2
5990		6
5991		5
5992		4
5993		4
5994		7
5995		8
5996		4
5997		7
5998		6
5999		5
6000		4
6001		4
6002		7
6003		7
6004		7
6005		11
6006		1
6007		5
6008		6
6009		7
6010		9
6011		6
6012		6
6013		6
6014		8
6015		5
6016		5
6017		8
6018		12
6019		8
6020		9
6021		8
6022		7
6023		7
6024		14
6025		5
6026		8
6027		4
6028		8
6029		4
6030		3
6031		8
6032		5
6033		7
6034		1
6035		4
6036		7
6037		6
6038		5
6039		7
6040		6
6041		5
6042		5
6043		7
6044		8
6045		6
6046		3
6047		1
6048		7
6049		12
6050		5
6051		3
6052		3
6053		8
6054		6
6055		6
6056		5
6057		5
6058		10
6059		7
6060		5
6061		6
6062		9
6063		10
6064		6
6065		9
6066		5
6067		7
6068		9
6069		5
6070		8
6071		2
6072		6
6073		4
6074		13
6075		12
6076		6
6077		6
6078		8
6079		9
6080		3
6081		6
6082		9
6083		5
6084		9
6085		7
6086		5
6087		7
6088		6
6089		11
6090		3
6091		9
6092		6
6093		11
6094		14
6095		11
6096		11
6097		5
6098		3
6099		5
6100		9
6101		11
6102		5
6103		6
6104		1
6105		9
6106		8
6107		3
6108		9
6109		12
6110		14
6111		6
6112		8
6113		6
6114		13
6115		9
6116		7
6117		9
6118		10
6119		8
6120		6
6121		8
6122		3
6123		8
6124		7
6125		14
6126		9
6127		12
6128		8
6129		4
6130		7
6131		6
6132		4
6133		11
6134		5
6135		6
6136		5
6137		6
6138		6
6139		6
6140		8
6141		8
6142		9
6143		5
6144		8
6145		4
6146		2
6147		8
6148		7
6149		5
6150		7
6151		2
6152		2
6153		10
6154		9
6155		6
6156		9
6157		9
6158		6
6159		10
6160		9
6161		6
6162		9
6163		3
6164		5
6165		6
6166		9
6167		5
6168		2
6169		3
6170		8
6171		9
6172		3
6173		9
6174		4
6175		5
6176		6
6177		9
6178		9
6179		11
6180		4
6181		4
6182		8
6183		5
6184		4
6185		11
6186		5
6187		6
6188		9
6189		8
6190		13
6191		6
6192		6
6193		12
6194		8
6195		6
6196		4
6197		7
6198		4
6199		4
6200		6
6201		6
6202		10
6203		7
6204		11
6205		5
6206		6
6207		7
6208		7
6209		9
6210		6
6211		4
6212		4
6213		6
6214		7
6215		6
6216		2
6217		6
6218		9
6219		6
6220		6
6221		4
6222		7
6223		7
6224		8
6225		7
6226		10
6227		4
6228		5
6229		8
6230		6
6231		6
6232		9
6233		3
6234		6
6235		6
6236		3
6237		8
6238		14
6239		9
6240		2
6241		3
6242		8
6243		7
6244		12
6245		3
6246		9
6247		7
6248		8
6249		7
6250		5
6251		6
6252		9
6253		11
6254		5
6255		10
6256		7
6257		6
6258		8
6259		8
6260		3
6261		8
6262		4
6263		5
6264		5
6265		5
6266		5
6267		12
6268		10
6269		3
6270		7
6271		8
6272		9
6273		7
6274		7
6275		9
6276		11
6277		3
6278		12
6279		6
6280		3
6281		9
6282		4
6283		9
6284		5
6285		6
6286		5
6287		8
6288		5
6289		6
6290		13
6291		8
6292		6
6293		5
6294		4
6295		5
6296		3
6297		3
6298		3
6299		7
6300		4
6301		6
6302		10
6303		5
6304		8
6305		9
6306		11
6307		5
6308		4
6309		6
6310		4
6311		7
6312		9
6313		8
6314		5
6315		3
6316		11
6317		8
6318		9
6319		9
6320		7
6321		8
6322		9
6323		7
6324		11
6325		8
6326		7
6327		8
6328		7
6329		4
6330		7
6331		8
6332		5
6333		4
6334		6
6335		8
6336		2
6337		8
6338		6
6339		6
6340		4
6341		5
6342		11
6343		8
6344		11
6345		6
6346		3
6347		7
6348		8
6349		11
6350		2
6351		9
6352		12
6353		7
6354		5
6355		6
6356		9
6357		2
6358		5
6359		8
6360		7
6361		7
6362		5
6363		10
6364		6
6365		4
6366		5
6367		6
6368		11
6369		9
6370		8
6371		7
6372		4
6373		4
6374		7
6375		7
6376		8
6377		11
6378		4
6379		7
6380		3
6381		9
6382		8
6383		5
6384		5
6385		7
6386		4
6387		4
6388		5
6389		2
6390		6
6391		9
6392		8
6393		10
6394		4
6395		6
6396		2
6397		6
6398		6
6399		4
6400		13
6401		4
6402		6
6403		6
6404		8
6405		3
6406		6
6407		6
6408		3
6409		5
6410		5
6411		6
6412		5
6413		3
6414		7
6415		6
6416		9
6417		2
6418		7
6419		5
6420		6
6421		7
6422		2
6423		6
6424		7
6425		7
6426		3
6427		6
6428		11
6429		3
6430		7
6431		5
6432		7
6433		7
6434		4
6435		7
6436		5
6437		7
6438		6
6439		7
6440		5
6441		8
6442		4
6443		3
6444		6
6445		7
6446		7
6447		6
6448		9
6449		5
6450		8
6451		8
6452		13
6453		7
6454		9
6455		11
6456		4
6457		9
6458		3
6459		8
6460		7
6461		10
6462		6
6463		8
6464		6
6465		6
6466		9
6467		5
6468		8
6469		3
6470		5
6471		5
6472		10
6473		2
6474		13
6475		5
6476		5
6477		8
6478		7
6479		8
6480		10
6481		11
6482		3
6483		12
6484		12
6485		6
6486		3
6487		7
6488		6
6489		8
6490		6
6491		6
6492		1
6493		5
6494		5
6495		7
6496		6
6497		7
6498		11
6499		11
6500		12
6501		4
6502		5
6503		6
6504		6
6505		9
6506		7
6507		8
6508		6
6509		3
6510		3
6511		3
6512		8
6513		9
6514		6
6515		8
6516		13
6517		5
6518		8
6519		6
6520		4
6521		3
6522		7
6523		7
6524		0
6525		9
6526		12
6527		5
6528		5
6529		6
6530		7
6531		6
6532		5
6533		7
6534		7
6535		12
6536		4
6537		7
6538		8
6539		4
6540		9
6541		6
6542		9
6543		8
6544		9
6545		4
6546		5
6547		7
6548		6
6549		8
6550		4
6551		5
6552		5
6553		6
6554		9
6555		5
6556		7
6557		5
6558		6
6559		12
6560		12
6561		9
6562		8
6563		3
6564		5
6565		9
6566		1
6567		7
6568		5
6569		10
6570		6
6571		8
6572		7
6573		3
6574		5
6575		8
6576		11
6577		5
6578		4
6579		2
6580		8
6581		8
6582		6
6583		6
6584		5
6585		5
6586		6
6587		8
6588		8
6589		11
6590		6
6591		7
6592		3
6593		4
6594		5
6595		8
6596		5
6597		6
6598		7
6599		5
6600		7
6601		4
6602		7
6603		5
6604		8
6605		5
6606		7
6607		6
6608		5
6609		3
6610		2
6611		6
6612		4
6613		2
6614		5
6615		11
6616		9
6617		10
6618		8
6619		7
6620		7
6621		12
6622		4
6623		10
6624		3
6625		6
6626		6
6627		8
6628		5
6629		10
6630		7
6631		8
6632		4
6633		7
6634		7
6635		10
6636		8
6637		8
6638		5
6639		11
6640		5
6641		8
6642		11
6643		5
6644		5
6645		6
6646		6
6647		8
6648		3
6649		7
6650		8
6651		9
6652		4
6653		8
6654		5
6655		7
6656		5
6657		12
6658		8
6659		3
6660		8
6661		11
6662		4
6663		5
6664		8
6665		7
6666		7
6667		8
6668		6
6669		6
6670		6
6671		6
6672		8
6673		6
6674		6
6675		4
6676		9
6677		8
6678		1
6679		8
6680		7
6681		2
6682		6
6683		6
6684		3
6685		7
6686		8
6687		9
6688		12
6689		6
6690		9
6691		7
6692		6
6693		10
6694		7
6695		5
6696		5
6697		2
6698		2
6699		6
6700		6
6701		6
6702		8
6703		2
6704		5
6705		7
6706		9
6707		10
6708		4
6709		5
6710		4
6711		7
6712		3
6713		2
6714		10
6715		4
6716		6
6717		6
6718		10
6719		5
6720		6
6721		6
6722		12
6723		7
6724		7
6725		8
6726		4
6727		7
6728		8
6729		9
6730		3
6731		9
6732		2
6733		8
6734		1
6735		2
6736		5
6737		7
6738		5
6739		5
6740		6
6741		2
6742		9
6743		6
6744		5
6745		7
6746		7
6747		5
6748		9
6749		5
6750		4
6751		10
6752		8
6753		5
6754		11
6755		6
6756		5
6757		6
6758		7
6759		3
6760		9
6761		3
6762		8
6763		4
6764		6
6765		10
6766		7
6767		8
6768		6
6769		5
6770		6
6771		11
6772		6
6773		8
6774		5
6775		2
6776		11
6777		5
6778		12
6779		4
6780		4
6781		8
6782		6
6783		8
6784		7
6785		9
6786		8
6787		12
6788		7
6789		3
6790		10
6791		7
6792		3
6793		5
6794		2
6795		6
6796		6
6797		5
6798		6
6799		4
6800		9
6801		7
6802		6
6803		5
6804		6
6805		8
6806		6
6807		7
6808		8
6809		6
6810		10
6811		13
6812		6
6813		6
6814		5
6815		3
6816		3
6817		6
6818		4
6819		6
6820		8
6821		5
6822		4
6823		5
6824		5
6825		5
6826		8
6827		7
6828		4
6829		14
6830		6
6831		4
6832		8
6833		2
6834		7
6835		8
6836		6
6837		5
6838		11
6839		11
6840		1
6841		8
6842		6
6843		8
6844		8
6845		5
6846		5
6847		3
6848		6
6849		9
6850		10
6851		5
6852		8
6853		4
6854		13
6855		5
6856		6
6857		8
6858		6
6859		11
6860		10
6861		9
6862		7
6863		9
6864		12
6865		8
6866		11
6867		5
6868		11
6869		6
6870		7
6871		5
6872		5
6873		1
6874		7
6875		8
6876		11
6877		5
6878		8
6879		6
6880		6
6881		10
6882		7
6883		6
6884		10
6885		16
6886		7
6887		3
6888		6
6889		9
6890		6
6891		8
6892		10
6893		4
6894		6
6895		4
6896		7
6897		5
6898		8
6899		6
6900		11
6901		4
6902		3
6903		3
6904		6
6905		6
6906		4
6907		7
6908		5
6909		6
6910		8
6911		7
6912		11
6913		5
6914		6
6915		5
6916		8
6917		6
6918		9
6919		11
6920		6
6921		5
6922		11
6923		3
6924		7
6925		3
6926		8
6927		7
6928		11
6929		8
6930		6
6931		8
6932		6
6933		7
6934		4
6935		4
6936		6
6937		8
6938		10
6939		8
6940		10
6941		4
6942		13
6943		4
6944		2
6945		5
6946		9
6947		8
6948		7
6949		9
6950		2
6951		10
6952		6
6953		4
6954		7
6955		3
6956		4
6957		8
6958		6
6959		6
6960		4
6961		5
6962		11
6963		7
6964		5
6965		10
6966		8
6967		8
6968		7
6969		7
6970		7
6971		3
6972		4
6973		4
6974		8
6975		8
6976		8
6977		6
6978		10
6979		4
6980		3
6981		7
6982		1
6983		2
6984		4
6985		3
6986		7
6987		11
6988		11
6989		5
6990		12
6991		2
6992		12
6993		3
6994		9
6995		4
6996		8
6997		6
6998		8
6999		14
7000		6
7001		6
7002		8
7003		3
7004		9
7005		7
7006		6
7007		6
7008		9
7009		7
7010		8
7011		6
7012		8
7013		6
7014		6
7015		6
7016		4
7017		5
7018		7
7019		6
7020		2
7021		6
7022		5
7023		7
7024		5
7025		4
7026		4
7027		9
7028		5
7029		2
7030		7
7031		7
7032		5
7033		10
7034		9
7035		2
7036		9
7037		7
7038		10
7039		5
7040		10
7041		8
7042		7
7043		5
7044		10
7045		5
7046		8
7047		5
7048		5
7049		10
7050		9
7051		5
7052		8
7053		8
7054		8
7055		6
7056		6
7057		3
7058		6
7059		8
7060		6
7061		5
7062		7
7063		12
7064		6
7065		10
7066		4
7067		7
7068		4
7069		8
7070		10
7071		6
7072		10
7073		6
7074		9
7075		5
7076		9
7077		5
7078		6
7079		9
7080		4
7081		4
7082		7
7083		10
7084		5
7085		6
7086		9
7087		8
7088		4
7089		10
7090		8
7091		6
7092		5
7093		8
7094		7
7095		6
7096		8
7097		13
7098		4
7099		14
7100		5
7101		6
7102		8
7103		6
7104		10
7105		4
7106		7
7107		5
7108		2
7109		6
7110		6
7111		3
7112		9
7113		6
7114		7
7115		12
7116		6
7117		6
7118		5
7119		7
7120		6
7121		10
7122		2
7123		7
7124		7
7125		6
7126		9
7127		5
7128		8
7129		8
7130		6
7131		7
7132		7
7133		4
7134		7
7135		4
7136		4
7137		4
7138		7
7139		6
7140		4
7141		8
7142		5
7143		5
7144		9
7145		6
7146		6
7147		3
7148		7
7149		5
7150		4
7151		4
7152		5
7153		9
7154		10
7155		4
7156		6
7157		9
7158		7
7159		8
7160		7
7161		3
7162		6
7163		14
7164		4
7165		5
7166		10
7167		8
7168		3
7169		10
7170		7
7171		9
7172		8
7173		6
7174		9
7175		5
7176		6
7177		8
7178		5
7179		8
7180		6
7181		5
7182		3
7183		4
7184		7
7185		5
7186		9
7187		3
7188		7
7189		5
7190		4
7191		8
7192		9
7193		8
7194		9
7195		8
7196		4
7197		3
7198		10
7199		12
7200		4
7201		8
7202		8
7203		4
7204		5
7205		8
7206		8
7207		2
7208		5
7209		8
7210		5
7211		8
7212		3
7213		17
7214		12
7215		5
7216		9
7217		4
7218		2
7219		6
7220		4
7221		11
7222		2
7223		9
7224		6
7225		8
7226		5
7227		9
7228		4
7229		5
7230		9
7231		5
7232		5
7233		7
7234		9
7235		9
7236		6
7237		4
7238		9
7239		6
7240		12
7241		9
7242		11
7243		10
7244		6
7245		7
7246		3
7247		5
7248		7
7249		1
7250		6
7251		15
7252		4
7253		5
7254		5
7255		8
7256		6
7257		8
7258		10
7259		6
7260		2
7261		6
7262		10
7263		4
7264		10
7265		7
7266		5
7267		6
7268		7
7269		10
7270		6
7271		3
7272		4
7273		8
7274		6
7275		14
7276		8
7277		7
7278		3
7279		14
7280		6
7281		7
7282		6
7283		5
7284		5
7285		5
7286		12
7287		5
7288		13
7289		5
7290		7
7291		6
7292		7
7293		8
7294		6
7295		2
7296		6
7297		3
7298		3
7299		6
7300		5
7301		3
7302		5
7303		11
7304		4
7305		9
7306		4
7307		5
7308		9
7309		5
7310		5
7311		5
7312		8
7313		13
7314		3
7315		2
7316		6
7317		6
7318		8
7319		5
7320		7
7321		5
7322		3
7323		5
7324		6
7325		5
7326		9
7327		6
7328		8
7329		6
7330		9
7331		5
7332		6
7333		10
7334		12
7335		5
7336		6
7337		5
7338		6
7339		3
7340		7
7341		5
7342		8
7343		2
7344		8
7345		8
7346		5
7347		5
7348		1
7349		7
7350		11
7351		7
7352		10
7353		4
7354		3
7355		4
7356		6
7357		7
7358		7
7359		6
7360		4
7361		4
7362		5
7363		3
7364		9
7365		8
7366		7
7367		6
7368		10
7369		7
7370		5
7371		7
7372		2
7373		6
7374		7
7375		2
7376		5
7377		10
7378		4
7379		7
7380		5
7381		10
7382		5
7383		8
7384		4
7385		4
7386		5
7387		9
7388		7
7389		2
7390		13
7391		8
7392		5
7393		7
7394		3
7395		2
7396		5
7397		6
7398		5
7399		7
7400		8
7401		4
7402		8
7403		5
7404		7
7405		3
7406		12
7407		7
7408		9
7409		9
7410		4
7411		8
7412		5
7413		10
7414		6
7415		9
7416		3
7417		7
7418		9
7419		11
7420		12
7421		2
7422		10
7423		9
7424		7
7425		5
7426		7
7427		4
7428		4
7429		10
7430		4
7431		11
7432		4
7433		9
7434		8
7435		2
7436		7
7437		3
7438		5
7439		4
7440		7
7441		8
7442		5
7443		4
7444		6
7445		10
7446		9
7447		7
7448		6
7449		7
7450		7
7451		5
7452		4
7453		8
7454		1
7455		7
7456		11
7457		2
7458		7
7459		5
7460		6
7461		6
7462		6
7463		2
7464		3
7465		10
7466		5
7467		7
7468		4
7469		5
7470		8
7471		6
7472		2
7473		5
7474		4
7475		9
7476		13
7477		5
7478		4
7479		10
7480		9
7481		9
7482		5
7483		7
7484		7
7485		3
7486		4
7487		3
7488		5
7489		7
7490		8
7491		7
7492		5
7493		5
7494		5
7495		6
7496		7
7497		8
7498		7
7499		4
7500		9
7501		7
7502		10
7503		5
7504		5
7505		9
7506		2
7507		4
7508		3
7509		10
7510		6
7511		2
7512		7
7513		7
7514		7
7515		8
7516		7
7517		8
7518		8
7519		8
7520		7
7521		3
7522		7
7523		10
7524		10
7525		7
7526		5
7527		5
7528		3
7529		7
7530		0
7531		11
7532		4
7533		8
7534		14
7535		5
7536		5
7537		8
7538		6
7539		6
7540		7
7541		11
7542		7
7543		6
7544		3
7545		7
7546		7
7547		6
7548		7
7549		6
7550		9
7551		5
7552		13
7553		7
7554		6
7555		10
7556		5
7557		4
7558		4
7559		6
7560		8
7561		4
7562		9
7563		8
7564		3
7565		11
7566		5
7567		5
7568		10
7569		2
7570		6
7571		8
7572		5
7573		3
7574		16
7575		6
7576		4
7577		7
7578		3
7579		7
7580		10
7581		10
7582		7
7583		4
7584		6
7585		5
7586		1
7587		7
7588		7
7589		6
7590		6
7591		5
7592		5
7593		12
7594		6
7595		4
7596		5
7597		7
7598		6
7599		11
7600		7
7601		6
7602		4
7603		4
7604		7
7605		11
7606		9
7607		5
7608		5
7609		4
7610		5
7611		1
7612		6
7613		5
7614		6
7615		11
7616		7
7617		9
7618		8
7619		5
7620		10
7621		3
7622		3
7623		5
7624		9
7625		8
7626		9
7627		3
7628		5
7629		6
7630		10
7631		3
7632		8
7633		8
7634		6
7635		8
7636		6
7637		6
7638		13
7639		5
7640		6
7641		10
7642		6
7643		5
7644		8
7645		5
7646		6
7647		6
7648		3
7649		5
7650		11
7651		6
7652		6
7653		3
7654		4
7655		7
7656		6
7657		6
7658		7
7659		10
7660		6
7661		5
7662		1
7663		6
7664		6
7665		5
7666		7
7667		5
7668		4
7669		5
7670		8
7671		7
7672		9
7673		10
7674		5
7675		8
7676		5
7677		4
7678		5
7679		6
7680		5
7681		6
7682		11
7683		8
7684		2
7685		4
7686		7
7687		5
7688		6
7689		5
7690		6
7691		6
7692		8
7693		6
7694		7
7695		7
7696		4
7697		2
7698		9
7699		8
7700		8
7701		8
7702		9
7703		5
7704		6
7705		7
7706		7
7707		7
7708		11
7709		4
7710		10
7711		4
7712		8
7713		9
7714		7
7715		6
7716		8
7717		5
7718		7
7719		5
7720		6
7721		4
7722		8
7723		7
7724		6
7725		11
7726		5
7727		4
7728		7
7729		9
7730		9
7731		10
7732		7
7733		2
7734		9
7735		8
7736		5
7737		5
7738		9
7739		7
7740		7
7741		10
7742		9
7743		4
7744		8
7745		7
7746		5
7747		3
7748		2
7749		5
7750		2
7751		6
7752		8
7753		6
7754		6
7755		7
7756		5
7757		7
7758		10
7759		2
7760		5
7761		11
7762		7
7763		2
7764		8
7765		6
7766		6
7767		2
7768		5
7769		4
7770		8
7771		4
7772		9
7773		12
7774		6
7775		7
7776		6
7777		6
7778		6
7779		5
7780		5
7781		9
7782		3
7783		13
7784		5
7785		5
7786		10
7787		4
7788		7
7789		6
7790		3
7791		5
7792		7
7793		7
7794		11
7795		9
7796		5
7797		6
7798		7
7799		8
7800		5
7801		12
7802		5
7803		7
7804		7
7805		6
7806		8
7807		5
7808		4
7809		6
7810		10
7811		7
7812		4
7813		6
7814		8
7815		3
7816		6
7817		7
7818		10
7819		6
7820		9
7821		6
7822		12
7823		7
7824		10
7825		9
7826		8
7827		5
7828		9
7829		7
7830		10
7831		7
7832		10
7833		6
7834		7
7835		5
7836		4
7837		5
7838		7
7839		6
7840		5
7841		12
7842		5
7843		2
7844		9
7845		7
7846		2
7847		6
7848		5
7849		4
7850		5
7851		2
7852		7
7853		1
7854		2
7855		7
7856		8
7857		4
7858		6
7859		6
7860		10
7861		3
7862		3
7863		7
7864		5
7865		4
7866		8
7867		4
7868		8
7869		6
7870		6
7871		9
7872		7
7873		8
7874		7
7875		9
7876		7
7877		6
7878		5
7879		5
7880		9
7881		4
7882		5
7883		10
7884		5
7885		2
7886		5
7887		6
7888		5
7889		6
7890		6
7891		9
7892		4
7893		6
7894		8
7895		6
7896		7
7897		8
7898		5
7899		2
7900		9
7901		7
7902		10
7903		2
7904		8
7905		6
7906		7
7907		6
7908		6
7909		8
7910		6
7911		4
7912		7
7913		7
7914		6
7915		7
7916		3
7917		7
7918		5
7919		10
7920		7
7921		7
7922		15
7923		3
7924		12
7925		13
7926		2
7927		9
7928		5
7929		2
7930		7
7931		8
7932		11
7933		4
7934		7
7935		3
7936		9
7937		3
7938		10
7939		10
7940		12
7941		8
7942		6
7943		7
7944		3
7945		3
7946		7
7947		9
7948		4
7949		9
7950		4
7951		3
7952		7
7953		8
7954		3
7955		9
7956		8
7957		8
7958		8
7959		7
7960		8
7961		4
7962		4
7963		4
7964		6
7965		8
7966		12
7967		10
7968		5
7969		7
7970		7
7971		8
7972		19
7973		7
7974		9
7975		6
7976		6
7977		5
7978		6
7979		4
7980		6
7981		6
7982		5
7983		9
7984		1
7985		5
7986		6
7987		7
7988		7
7989		9
7990		5
7991		10
7992		9
7993		7
7994		3
7995		4
7996		7
7997		5
7998		9
7999		5
8000		6
8001		9
8002		8
8003		9
8004		5
8005		4
8006		4
8007		4
8008		6
8009		10
8010		7
8011		4
8012		6
8013		5
8014		11
8015		6
8016		9
8017		4
8018		6
8019		8
8020		5
8021		6
8022		3
8023		8
8024		6
8025		6
8026		9
8027		8
8028		6
8029		10
8030		8
8031		3
8032		9
8033		2
8034		10
8035		5
8036		3
8037		6
8038		5
8039		10
8040		6
8041		12
8042		8
8043		6
8044		5
8045		5
8046		8
8047		3
8048		8
8049		14
8050		9
8051		4
8052		10
8053		4
8054		5
8055		7
8056		10
8057		11
8058		9
8059		8
8060		7
8061		4
8062		7
8063		3
8064		10
8065		11
8066		8
8067		7
8068		3
8069		9
8070		5
8071		9
8072		6
8073		5
8074		6
8075		5
8076		6
8077		4
8078		6
8079		7
8080		6
8081		10
8082		10
8083		6
8084		7
8085		7
8086		5
8087		5
8088		6
8089		8
8090		7
8091		4
8092		7
8093		8
8094		6
8095		6
8096		9
8097		2
8098		5
8099		5
8100		3
8101		7
8102		6
8103		8
8104		6
8105		6
8106		8
8107		7
8108		8
8109		7
8110		4
8111		6
8112		6
8113		5
8114		4
8115		7
8116		7
8117		10
8118		9
8119		11
8120		7
8121		5
8122		2
8123		8
8124		9
8125		4
8126		9
8127		10
8128		11
8129		4
8130		7
8131		6
8132		9
8133		6
8134		6
8135		6
8136		8
8137		5
8138		10
8139		10
8140		3
8141		3
8142		3
8143		3
8144		9
8145		2
8146		8
8147		4
8148		9
8149		5
8150		4
8151		8
8152		4
8153		6
8154		9
8155		4
8156		6
8157		8
8158		6
8159		8
8160		6
8161		7
8162		5
8163		10
8164		8
8165		11
8166		5
8167		13
8168		6
8169		5
8170		5
8171		11
8172		5
8173		9
8174		9
8175		7
8176		8
8177		5
8178		2
8179		6
8180		11
8181		11
8182		7
8183		6
8184		5
8185		14
8186		8
8187		10
8188		7
8189		9
8190		6
8191		8
8192		2
8193		3
8194		11
8195		6
8196		11
8197		5
8198		11
8199		7
8200		4
8201		9
8202		7
8203		7
8204		8
8205		10
8206		7
8207		7
8208		10
8209		5
8210		5
8211		5
8212		3
8213		3
8214		7
8215		4
8216		7
8217		10
8218		16
8219		7
8220		3
8221		7
8222		12
8223		11
8224		3
8225		3
8226		5
8227		4
8228		9
8229		4
8230		8
8231		7
8232		9
8233		8
8234		6
8235		5
8236		6
8237		8
8238		6
8239		5
8240		8
8241		8
8242		7
8243		6
8244		7
8245		6
8246		10
8247		4
8248		12
8249		6
8250		2
8251		9
8252		11
8253		6
8254		8
8255		6
8256		5
8257		7
8258		8
8259		8
8260		2
8261		4
8262		6
8263		5
8264		5
8265		8
8266		10
8267		8
8268		8
8269		7
8270		9
8271		12
8272		8
8273		12
8274		7
8275		5
8276		5
8277		5
8278		4
8279		7
8280		8
8281		4
8282		5
8283		10
8284		5
8285		5
8286		9
8287		6
8288		4
8289		4
8290		4
8291		12
8292		5
8293		6
8294		7
8295		10
8296		10
8297		6
8298		9
8299		3
8300		4
8301		8
8302		7
8303		8
8304		9
8305		4
8306		7
8307		11
8308		6
8309		7
8310		6
8311		7
8312		5
8313		12
8314		6
8315		2
8316		7
8317		8
8318		5
8319		6
8320		4
8321		6
8322		11
8323		10
8324		12
8325		8
8326		5
8327		9
8328		5
8329		5
8330		9
8331		5
8332		7
8333		7
8334		7
8335		7
8336		7
8337		6
8338		7
8339		8
8340		6
8341		10
8342		6
8343		4
8344		13
8345		10
8346		11
8347		8
8348		7
8349		6
8350		5
8351		6
8352		12
8353		6
8354		9
8355		7
8356		9
8357		8
8358		6
8359		4
8360		7
8361		9
8362		4
8363		3
8364		6
8365		6
8366		0
8367		3
8368		6
8369		5
8370		5
8371		7
8372		6
8373		7
8374		7
8375		7
8376		6
8377		3
8378		3
8379		5
8380		5
8381		4
8382		8
8383		7
8384		5
8385		10
8386		8
8387		7
8388		5
8389		6
8390		3
8391		12
8392		6
8393		4
8394		7
8395		6
8396		8
8397		8
8398		4
8399		11
8400		9
8401		7
8402		5
8403		9
8404		4
8405		5
8406		4
8407		10
8408		8
8409		9
8410		6
8411		4
8412		6
8413		9
8414		4
8415		8
8416		8
8417		11
8418		6
8419		2
8420		4
8421		5
8422		3
8423		7
8424		6
8425		9
8426		6
8427		8
8428		7
8429		10
8430		13
8431		8
8432		6
8433		5
8434		8
8435		5
8436		12
8437		10
8438		4
8439		10
8440		8
8441		6
8442		9
8443		8
8444		5
8445		9
8446		5
8447		4
8448		5
8449		5
8450		5
8451		5
8452		3
8453		6
8454		7
8455		4
8456		6
8457		4
8458		8
8459		3
8460		7
8461		6
8462		8
8463		5
8464		5
8465		3
8466		8
8467		7
8468		4
8469		6
8470		8
8471		5
8472		7
8473		7
8474		6
8475		9
8476		5
8477		8
8478		7
8479		4
8480		9
8481		6
8482		2
8483		6
8484		10
8485		8
8486		4
8487		6
8488		10
8489		6
8490		12
8491		7
8492		7
8493		7
8494		5
8495		9
8496		6
8497		10
8498		6
8499		8
8500		6
8501		6
8502		7
8503		6
8504		6
8505		3
8506		13
8507		2
8508		4
8509		7
8510		7
8511		9
8512		6
8513		3
8514		7
8515		6
8516		10
8517		7
8518		7
8519		5
8520		7
8521		8
8522		8
8523		3
8524		5
8525		9
8526		11
8527		4
8528		8
8529		4
8530		7
8531		2
8532		6
8533		9
8534		8
8535		6
8536		6
8537		6
8538		6
8539		8
8540		4
8541		6
8542		4
8543		5
8544		8
8545		10
8546		9
8547		7
8548		10
8549		8
8550		9
8551		11
8552		11
8553		5
8554		4
8555		8
8556		8
8557		5
8558		8
8559		2
8560		3
8561		7
8562		9
8563		9
8564		6
8565		5
8566		14
8567		8
8568		9
8569		7
8570		7
8571		8
8572		6
8573		2
8574		9
8575		7
8576		6
8577		3
8578		9
8579		7
8580		6
8581		7
8582		5
8583		4
8584		6
8585		8
8586		7
8587		3
8588		6
8589		6
8590		4
8591		7
8592		12
8593		5
8594		11
8595		9
8596		7
8597		12
8598		8
8599		6
8600		6
8601		7
8602		7
8603		12
8604		6
8605		9
8606		8
8607		3
8608		5
8609		2
8610		6
8611		5
8612		8
8613		6
8614		5
8615		5
8616		3
8617		8
8618		6
8619		6
8620		9
8621		6
8622		4
8623		2
8624		10
8625		11
8626		14
8627		5
8628		9
8629		5
8630		7
8631		7
8632		8
8633		5
8634		3
8635		5
8636		7
8637		5
8638		6
8639		7
8640		4
8641		6
8642		7
8643		5
8644		6
8645		6
8646		6
8647		6
8648		13
8649		4
8650		7
8651		7
8652		5
8653		10
8654		6
8655		5
8656		6
8657		3
8658		5
8659		1
8660		3
8661		3
8662		7
8663		13
8664		6
8665		11
8666		7
8667		5
8668		6
8669		11
8670		7
8671		8
8672		5
8673		4
8674		8
8675		4
8676		10
8677		5
8678		9
8679		5
8680		7
8681		9
8682		8
8683		5
8684		8
8685		7
8686		4
8687		11
8688		4
8689		5
8690		6
8691		4
8692		8
8693		4
8694		13
8695		2
8696		8
8697		6
8698		4
8699		3
8700		6
8701		4
8702		7
8703		8
8704		4
8705		11
8706		7
8707		11
8708		5
8709		9
8710		10
8711		12
8712		7
8713		5
8714		4
8715		8
8716		6
8717		7
8718		6
8719		4
8720		5
8721		8
8722		5
8723		5
8724		8
8725		3
8726		12
8727		4
8728		5
8729		6
8730		14
8731		5
8732		8
8733		7
8734		6
8735		7
8736		15
8737		7
8738		10
8739		5
8740		10
8741		6
8742		7
8743		6
8744		3
8745		6
8746		7
8747		5
8748		2
8749		4
8750		4
8751		8
8752		10
8753		9
8754		5
8755		9
8756		2
8757		5
8758		10
8759		8
8760		5
8761		1
8762		2
8763		2
8764		5
8765		2
8766		8
8767		3
8768		2
8769		6
8770		5
8771		3
8772		5
8773		7
8774		5
8775		9
8776		7
8777		10
8778		5
8779		8
8780		11
8781		6
8782		5
8783		4
8784		9
8785		10
8786		5
8787		3
8788		5
8789		8
8790		5
8791		5
8792		10
8793		12
8794		8
8795		3
8796		9
8797		9
8798		5
8799		6
8800		5
8801		3
8802		6
8803		9
8804		6
8805		7
8806		6
8807		7
8808		6
8809		7
8810		4
8811		3
8812		5
8813		11
8814		5
8815		9
8816		5
8817		2
8818		8
8819		6
8820		6
8821		8
8822		6
8823		2
8824		11
8825		12
8826		5
8827		7
8828		6
8829		12
8830		4
8831		4
8832		7
8833		7
8834		4
8835		7
8836		6
8837		4
8838		8
8839		4
8840		6
8841		4
8842		7
8843		8
8844		8
8845		5
8846		7
8847		7
8848		3
8849		8
8850		2
8851		7
8852		9
8853		7
8854		7
8855		2
8856		8
8857		7
8858		10
8859		11
8860		7
8861		12
8862		7
8863		10
8864		6
8865		6
8866		9
8867		6
8868		8
8869		5
8870		9
8871		8
8872		9
8873		4
8874		6
8875		6
8876		6
8877		8
8878		5
8879		4
8880		5
8881		5
8882		6
8883		4
8884		5
8885		7
8886		9
8887		11
8888		6
8889		6
8890		5
8891		8
8892		5
8893		3
8894		7
8895		3
8896		11
8897		7
8898		5
8899		5
8900		6
8901		5
8902		9
8903		9
8904		4
8905		7
8906		10
8907		4
8908		3
8909		8
8910		10
8911		3
8912		6
8913		8
8914		8
8915		6
8916		5
8917		10
8918		3
8919		6
8920		5
8921		3
8922		4
8923		7
8924		5
8925		6
8926		6
8927		6
8928		5
8929		5
8930		9
8931		11
8932		6
8933		7
8934		5
8935		9
8936		7
8937		9
8938		7
8939		8
8940		9
8941		6
8942		7
8943		10
8944		11
8945		8
8946		6
8947		4
8948		12
8949		4
8950		7
8951		12
8952		7
8953		9
8954		3
8955		7
8956		9
8957		8
8958		6
8959		5
8960		2
8961		6
8962		4
8963		4
8964		5
8965		7
8966		2
8967		8
8968		2
8969		2
8970		5
8971		6
8972		3
8973		8
8974		8
8975		8
8976		6
8977		5
8978		11
8979		7
8980		2
8981		6
8982		6
8983		8
8984		8
8985		9
8986		8
8987		7
8988		8
8989		7
8990		10
8991		5
8992		4
8993		7
8994		5
8995		12
8996		7
8997		2
8998		11
8999		3
9000		9
9001		9
9002		5
9003		6
9004		4
9005		6
9006		8
9007		4
9008		5
9009		9
9010		10
9011		6
9012		4
9013		3
9014		2
9015		10
9016		11
9017		9
9018		4
9019		8
9020		6
9021		5
9022		8
9023		2
9024		5
9025		5
9026		9
9027		9
9028		6
9029		6
9030		10
9031		4
9032		4
9033		6
9034		7
9035		8
9036		8
9037		4
9038		5
9039		3
9040		3
9041		8
9042		6
9043		7
9044		8
9045		4
9046		7
9047		11
9048		8
9049		4
9050		7
9051		9
9052		2
9053		5
9054		3
9055		5
9056		5
9057		6
9058		8
9059		9
9060		5
9061		12
9062		10
9063		5
9064		5
9065		9
9066		8
9067		5
9068		8
9069		8
9070		9
9071		6
9072		5
9073		10
9074		9
9075		5
9076		5
9077		5
9078		6
9079		2
9080		8
9081		5
9082		5
9083		4
9084		7
9085		9
9086		8
9087		7
9088		5
9089		4
9090		4
9091		6
9092		5
9093		8
9094		5
9095		7
9096		7
9097		6
9098		4
9099		5
9100		8
9101		4
9102		9
9103		7
9104		5
9105		5
9106		4
9107		5
9108		5
9109		11
9110		5
9111		10
9112		6
9113		7
9114		2
9115		6
9116		11
9117		4
9118		8
9119		8
9120		6
9121		7
9122		10
9123		11
9124		10
9125		7
9126		2
9127		2
9128		10
9129		9
9130		5
9131		6
9132		8
9133		6
9134		2
9135		11
9136		3
9137		8
9138		7
9139		13
9140		5
9141		7
9142		6
9143		6
9144		5
9145		6
9146		13
9147		9
9148		3
9149		7
9150		6
9151		6
9152		10
9153		6
9154		6
9155		9
9156		7
9157		9
9158		5
9159		5
9160		12
9161		3
9162		6
9163		8
9164		5
9165		5
9166		8
9167		6
9168		7
9169		9
9170		2
9171		11
9172		8
9173		5
9174		8
9175		10
9176		6
9177		7
9178		4
9179		6
9180		6
9181		8
9182		5
9183		5
9184		5
9185		4
9186		8
9187		7
9188		7
9189		6
9190		7
9191		5
9192		4
9193		7
9194		4
9195		2
9196		7
9197		5
9198		2
9199		7
9200		10
9201		7
9202		6
9203		9
9204		4
9205		13
9206		8
9207		6
9208		4
9209		7
9210		7
9211		10
9212		5
9213		6
9214		8
9215		10
9216		10
9217		3
9218		5
9219		10
9220		9
9221		8
9222		5
9223		8
9224		6
9225		9
9226		4
9227		6
9228		7
9229		7
9230		6
9231		7
9232		7
9233		9
9234		5
9235		5
9236		12
9237		8
9238		6
9239		2
9240		5
9241		10
9242		6
9243		11
9244		10
9245		11
9246		9
9247		5
9248		7
9249		5
9250		4
9251		8
9252		7
9253		7
9254		5
9255		5
9256		7
9257		2
9258		3
9259		9
9260		4
9261		8
9262		3
9263		10
9264		13
9265		8
9266		9
9267		7
9268		7
9269		7
9270		3
9271		9
9272		5
9273		5
9274		8
9275		6
9276		7
9277		6
9278		2
9279		9
9280		5
9281		3
9282		6
9283		7
9284		6
9285		8
9286		8
9287		6
9288		5
9289		6
9290		5
9291		7
9292		4
9293		5
9294		7
9295		5
9296		8
9297		8
9298		8
9299		9
9300		4
9301		7
9302		9
9303		9
9304		9
9305		7
9306		7
9307		5
9308		9
9309		5
9310		8
9311		6
9312		4
9313		9
9314		6
9315		3
9316		14
9317		4
9318		5
9319		8
9320		5
9321		12
9322		1
9323		8
9324		3
9325		3
9326		8
9327		4
9328		5
9329		9
9330		4
9331		9
9332		3
9333		9
9334		7
9335		4
9336		10
9337		4
9338		3
9339		7
9340		3
9341		5
9342		7
9343		6
9344		6
9345		4
9346		7
9347		9
9348		7
9349		3
9350		7
9351		4
9352		9
9353		8
9354		3
9355		10
9356		10
9357		3
9358		5
9359		5
9360		10
9361		2
9362		9
9363		7
9364		5
9365		8
9366		5
9367		8
9368		10
9369		7
9370		4
9371		10
9372		6
9373		10
9374		8
9375		7
9376		11
9377		9
9378		7
9379		11
9380		4
9381		7
9382		8
9383		6
9384		4
9385		4
9386		12
9387		7
9388		10
9389		6
9390		7
9391		9
9392		2
9393		6
9394		10
9395		5
9396		5
9397		4
9398		6
9399		11
9400		5
9401		5
9402		7
9403		5
9404		8
9405		6
9406		9
9407		3
9408		7
9409		5
9410		7
9411		3
9412		5
9413		6
9414		8
9415		6
9416		9
9417		4
9418		9
9419		9
9420		6
9421		6
9422		6
9423		7
9424		5
9425		7
9426		8
9427		3
9428		8
9429		5
9430		7
9431		6
9432		7
9433		7
9434		6
9435		10
9436		6
9437		5
9438		4
9439		5
9440		6
9441		8
9442		7
9443		11
9444		3
9445		7
9446		7
9447		12
9448		9
9449		4
9450		3
9451		6
9452		4
9453		6
9454		4
9455		2
9456		9
9457		10
9458		8
9459		4
9460		3
9461		7
9462		8
9463		5
9464		10
9465		6
9466		8
9467		5
9468		4
9469		3
9470		5
9471		4
9472		11
9473		4
9474		7
9475		9
9476		3
9477		1
9478		6
9479		8
9480		6
9481		6
9482		10
9483		9
9484		7
9485		5
9486		8
9487		9
9488		11
9489		3
9490		4
9491		10
9492		7
9493		5
9494		11
9495		4
9496		7
9497		8
9498		4
9499		7
9500		3
9501		1
9502		6
9503		2
9504		4
9505		11
9506		4
9507		5
9508		5
9509		11
9510		5
9511		16
9512		11
9513		8
9514		10
9515		4
9516		8
9517		9
9518		5
9519		9
9520		6
9521		6
9522		11
9523		10
9524		7
9525		3
9526		6
9527		5
9528		7
9529		8
9530		5
9531		5
9532		5
9533		7
9534		7
9535		10
9536		4
9537		8
9538		5
9539		9
9540		6
9541		8
9542		7
9543		9
9544		6
9545		7
9546		13
9547		5
9548		6
9549		9
9550		6
9551		8
9552		7
9553		13
9554		5
9555		6
9556		9
9557		7
9558		10
9559		8
9560		5
9561		1
9562		5
9563		7
9564		8
9565		11
9566		10
9567		6
9568		5
9569		7
9570		8
9571		3
9572		9
9573		3
9574		9
9575		6
9576		9
9577		9
9578		5
9579		7
9580		6
9581		10
9582		7
9583		7
9584		8
9585		7
9586		7
9587		4
9588		8
9589		5
9590		6
9591		3
9592		6
9593		4
9594		6
9595		6
9596		1
9597		5
9598		4
9599		10
9600		6
9601		8
9602		8
9603		4
9604		6
9605		7
9606		7
9607		9
9608		4
9609		3
9610		5
9611		4
9612		6
9613		7
9614		3
9615		9
9616		4
9617		3
9618		4
9619		5
9620		8
9621		8
9622		11
9623		4
9624		4
9625		9
9626		6
9627		6
9628		10
9629		4
9630		12
9631		11
9632		11
9633		7
9634		7
9635		10
9636		8
9637		8
9638		5
9639		8
9640		7
9641		4
9642		10
9643		2
9644		8
9645		4
9646		4
9647		7
9648		5
9649		2
9650		5
9651		8
9652		7
9653		5
9654		1
9655		10
9656		6
9657		9
9658		11
9659		6
9660		4
9661		9
9662		8
9663		1
9664		7
9665		9
9666		8
9667		3
9668		8
9669		3
9670		4
9671		5
9672		6
9673		5
9674		10
9675		9
9676		7
9677		9
9678		5
9679		5
9680		4
9681		9
9682		4
9683		6
9684		4
9685		6
9686		5
9687		5
9688		8
9689		5
9690		5
9691		4
9692		8
9693		6
9694		6
9695		5
9696		7
9697		7
9698		9
9699		3
9700		7
9701		14
9702		9
9703		5
9704		5
9705		6
9706		5
9707		5
9708		11
9709		2
9710		7
9711		7
9712		6
9713		5
9714		5
9715		6
9716		4
9717		6
9718		9
9719		9
9720		5
9721		6
9722		6
9723		7
9724		4
9725		9
9726		5
9727		7
9728		10
9729		8
9730		3
9731		10
9732		6
9733		7
9734		6
9735		9
9736		5
9737		6
9738		11
9739		5
9740		6
9741		6
9742		5
9743		4
9744		9
9745		6
9746		11
9747		11
9748		10
9749		5
9750		6
9751		10
9752		9
9753		4
9754		4
9755		4
9756		8
9757		3
9758		10
9759		12
9760		8
9761		7
9762		10
9763		7
9764		7
9765		7
9766		7
9767		10
9768		7
9769		6
9770		6
9771		5
9772		5
9773		8
9774		7
9775		8
9776		6
9777		6
9778		6
9779		12
9780		6
9781		6
9782		9
9783		8
9784		3
9785		10
9786		5
9787		6
9788		6
9789		4
9790		2
9791		6
9792		4
9793		4
9794		3
9795		7
9796		3
9797		5
9798		10
9799		3
9800		8
9801		5
9802		6
9803		5
9804		4
9805		6
9806		11
9807		5
9808		7
9809		10
9810		7
9811		5
9812		7
9813		8
9814		5
9815		8
9816		5
9817		9
9818		5
9819		5
9820		5
9821		3
9822		5
9823		7
9824		3
9825		8
9826		6
9827		4
9828		7
9829		3
9830		3
9831		6
9832		2
9833		7
9834		6
9835		8
9836		7
9837		7
9838		5
9839		7
9840		7
9841		8
9842		1
9843		10
9844		6
9845		7
9846		11
9847		2
9848		5
9849		6
9850		9
9851		5
9852		6
9853		8
9854		6
9855		13
9856		3
9857		6
9858		9
9859		6
9860		6
9861		4
9862		7
9863		4
9864		7
9865		3
9866		7
9867		4
9868		5
9869		6
9870		6
9871		8
9872		4
9873		8
9874		9
9875		7
9876		8
9877		6
9878		5
9879		10
9880		8
9881		7
9882		3
9883		6
9884		3
9885		9
9886		10
9887		6
9888		8
9889		4
9890		3
9891		8
9892		3
9893		10
9894		10
9895		9
9896		3
9897		12
9898		9
9899		5
9900		5
9901		6
9902		4
9903		9
9904		11
9905		5
9906		6
9907		7
9908		9
9909		5
9910		8
9911		9
9912		5
9913		4
9914		8
9915		5
9916		10
9917		3
9918		7
9919		5
9920		5
9921		6
9922		9
9923		4
9924		4
9925		3
9926		4
9927		9
9928		5
9929		7
9930		6
9931		9
9932		10
9933		6
9934		8
9935		8
9936		5
9937		5
9938		10
9939		5
9940		8
9941		6
9942		10
9943		5
9944		5
9945		7
9946		7
9947		5
9948		7
9949		9
9950		8
9951		7
9952		4
9953		9
9954		7
9955		9
9956		12
9957		8
9958		9
9959		6
9960		10
9961		3
9962		6
9963		5
9964		5
9965		9
9966		5
9967		7
9968		4
9969		5
9970		6
9971		8
9972		3
9973		9
9974		8
9975		7
9976		4
9977		6
9978		5
9979		11
9980		10
9981		4
9982		5
9983		5
9984		4
9985		4
9986		4
9987		8
9988		6
9989		5
9990		4
9991		5
9992		7
9993		6
9994		7
9995		8
9996		5
9997		2
9998		4
9999		8
