Following are connected components 


0 1 2 5 3 4 43 44 45 49 47 46 179 178 177 180 181 182 86 85 87 88 90 91 95 320 321 322 323 326 324 518 517 516 529 519 522 533 535 550 546 545 543 513 514 515 537 552 554 555 542 538 541 527 528 340 341 342 345 349 350 351 344 363 364 362 365 379 347 368 299 298 307 308 311 306 305 303 300 302 315 316 319 318 314 313 301 317 187 184 183 185 188 186 189 235 232 227 226 225 233 234 236 310 312 50 206 198 193 192 194 202 207 203 208 211 199 204 197 195 196 200 205 201 93 92 89 94 162 159 158 166 164 167 165 170 169 168 173 172 171 400 398 397 399 403 401 405 402 406 410 122 121 123 127 126 124 125 293 291 290 289 288 283 284 285 286 391 390 389 382 383 384 392 393 394 395 396 174 176 334 335 325 336 337 338 339 502 503 504 509 506 505 508 512 507 511 327 332 328 329 330 331 333 532 556 530 557 548 510 294 296 297 287 520 521 385 387 388 386 295 292 407 408 409 411 412 413 414 404 175 163 160 161 209 210 228 229 230 231 190 191 304 309 374 376 370 373 378 361 358 357 355 356 377 371 369 375 372 354 353 352 366 367 359 343 360 348 346 547 558 553 551 544 531 534 524 540 539 536 549 523 525 526 48 52 53 51 

6 7 8 10 9 11 148 147 151 152 149 156 155 153 154 439 438 437 447 435 431 432 433 436 429 427 428 430 446 440 445 449 448 450 434 13 12 15 20 16 17 22 21 14 76 74 73 78 68 60 55 54 69 57 63 64 70 65 71 66 72 84 77 81 79 62 67 80 273 272 267 266 268 271 270 269 277 280 281 282 278 279 274 275 276 425 418 416 415 417 420 419 423 424 421 422 426 82 83 56 58 59 61 75 18 19 442 441 443 444 157 150 

23 24 25 28 27 34 35 37 38 36 39 40 42 29 41 26 30 31 33 32 212 213 214 217 216 219 215 218 221 224 223 222 477 474 473 475 478 481 476 479 480 456 453 452 451 466 460 461 462 463 459 454 457 458 105 98 97 96 101 104 110 109 111 106 115 116 117 103 102 113 114 487 485 483 482 484 486 493 492 489 495 494 496 497 498 500 491 499 501 132 129 128 133 131 137 138 141 142 139 136 469 467 468 471 470 472 564 560 559 565 563 566 569 572 571 568 570 562 561 567 130 146 134 135 140 143 144 145 490 488 112 108 100 99 107 118 119 120 464 465 455 220 

237 238 239 240 

241 242 243 246 249 248 251 250 247 245 252 253 254 255 256 258 260 259 261 262 257 264 265 263 244 

380 381 


Compute the Number of connected component is : 6

