Following are Strongly Connected  components 

9998 
9985 
9890 
9882 
9865 
9784 
9763 
9749 
9743 
9720 
9709 
9690 
9663 
9654 
9649 
9643 
9593 
9575 
9561 
9526 
9503 
9501 
9460 
9361 
9351 
9341 
9340 
9334 
9324 
9322 
9317 
9277 
9239 
9198 
9170 
9114 
8980 
8918 
8908 
8899 
8855 
8850 
8848 
8845 
8816 
8811 
8798 
8771 
8767 
8765 
8763 
8618 
8523 
8507 
8452 
8419 
8390 
8367 
8366 
8265 
8250 
8199 
8145 
8114 
8100 
8061 
7982 
7935 
7903 
7884 
7856 
7847 
7846 
7835 
7805 
7750 
7733 
7727 
7697 
7684 
7662 
7611 
7595 
7586 
7530 
7511 
7457 
7443 
7403 
7395 
7366 
7343 
7271 
7265 
7249 
7220 
7207 
7203 
7151 
7122 
7117 
7111 
7108 
7020 
6971 
6969 
6955 
6944 
6906 
6903 
6902 
6873 
6845 
6840 
6795 
6774 
6734 
6732 
6698 
8774 
6678 
6675 
6628 
6610 
6592 
6579 
6573 
6566 
6551 
6545 
6524 
6510 
6473 
6440 
6434 
6422 
8311 
6396 
6381 
6372 
6346 
6323 
8884 
6294 
6245 
6240 
6236 
6227 
6216 
6152 
6120 
6104 
6080 
6072 
6071 
6034 
6016 
8659 
5989 
5941 
5935 
5931 
5922 
5843 
5842 
5839 
5836 
5829 
5819 
5814 
5786 
5778 
5746 
5728 
5713 
5696 
5690 
5661 
5659 
5642 
5635 
5348 
5337 
5309 
5306 
5273 
9176 
5268 
5259 
5258 
5253 
5250 
5226 
8147 
5215 
5160 
5134 
5131 
5115 
5097 
5084 
5067 
5064 
5003 
4999 
4960 
4912 
4854 
4815 
4802 
4766 
4751 
4719 
4712 
4682 
6006 
4640 
4631 
4617 
4527 
4505 
4493 
4448 
5592 
4403 
4392 
4371 
4343 
4325 
4322 
4317 
4312 
4229 
4203 
8508 
4165 
4129 
9856 
4100 
4059 
4053 
4034 
4025 
4006 
3938 
3876 
3856 
3854 
3842 
6793 
3808 
3782 
3741 
3719 
3634 
4896 
3629 
3616 
3601 
3584 
3577 
3530 
3515 
3483 
3481 
3426 
3424 
3412 
3909 
3400 
3340 
3300 
3254 
3253 
3251 
3135 
3122 
3101 
3092 
3068 
3040 
3033 
3024 
2983 
2980 
2939 
2905 
6241 
2822 
2804 
2774 
2773 
2772 
2665 
2659 
2650 
2648 
2618 
2588 
7843 
2579 
3618 
2574 
2563 
2535 
2527 
2515 
2507 
2495 
2488 
2486 
2469 
3943 
2465 
2459 
5453 
2403 
2351 
2336 
2329 
2288 
2267 
2260 
2244 
2230 
2228 
2149 
2135 
8623 
2118 
2116 
2108 
2093 
2083 
2001 
1981 
1978 
1947 
1940 
1903 
1870 
1842 
1814 
1778 
2697 
8890 
1713 
1701 
1680 
1676 
1620 
1611 
1604 
7425 
1459 
1433 
1412 
1395 
1393 
1386 
1316 
1249 
1241 
1226 
1170 
7912 
1148 
1145 
6508 
1126 
1099 
1097 
1064 
1017 
1011 
988 
987 
968 
948 
942 
940 
826 
808 
795 
7147 
753 
2880 
752 
750 
2870 
732 
731 
718 
700 
618 
1405 
1754 
609 
6797 
606 
598 
559 
549 
547 
537 
519 
502 
495 
486 
479 
467 
462 
432 
413 
388 
378 
350 
339 
6703 
330 
279 
4316 
262 
250 
211 
209 
166 
126 
86 
66 
57 
0 1061 1071 2872 7415 6162 3516 325 1720 2197 629 1402 9675 1507 3551 1490 3898 105 353 3632 2667 3390 1820 1468 2928 1015 2177 1431 8094 5605 1409 6981 628 6965 951 354 1795 3560 1073 1474 5530 2497 3431 336 885 2241 3847 6623 5569 1030 673 3553 8067 1122 4216 1075 3982 151 899 1012 9304 3470 658 8319 1949 534 1942 1141 6618 5436 1094 839 3726 6400 2289 2081 6357 1512 4876 3128 1955 6919 327 3676 7101 428 199 7402 9814 450 525 8551 663 4476 357 1926 2970 1763 1329 4339 2311 1893 497 82 8631 4663 924 9139 161 7981 6963 1007 5637 3580 3771 1664 7879 5065 605 168 1016 789 8874 9058 147 5755 857 8655 8313 233 698 2101 319 6110 1808 1161 2333 3108 4558 4521 345 5702 367 4540 4909 2529 1568 3002 3488 485 6661 369 1261 2642 6095 4840 2066 2076 5897 3957 1235 394 1541 1866 5158 3157 863 1069 7730 7224 4198 2662 2948 889 853 417 905 4714 2944 431 5052 240 85 654 3155 460 1417 1269 5884 33 4588 2489 5005 2298 7407 2179 1962 1432 7900 1493 3386 4318 311 465 1741 2520 1908 957 3223 1287 1477 1176 771 620 404 538 1606 1081 3947 83 1364 4337 5362 875 1857 1733 214 1184 4417 1234 1687 9010 1694 1229 213 5127 307 7159 1315 1335 1233 84 1167 934 4313 3309 2334 461 2576 2103 3284 14 5798 1342 4654 3858 2384 1324 617 830 2363 349 1552 372 8107 498 821 872 1781 3813 2757 480 2312 1841 1946 644 5519 4003 93 3844 236 6237 6244 2019 1516 1257 1785 7629 767 1644 140 3945 324 8742 1900 6896 7620 2281 2836 2214 3479 1421 688 2955 1208 693 3870 506 4648 3600 118 2979 597 7725 774 759 791 4303 2890 3373 1352 5501 6557 2273 2575 144 5955 981 6590 135 3609 9061 3660 34 1674 2543 7610 4929 390 5929 4130 1481 3469 4941 5579 1256 36 273 132 1062 1423 1982 721 1569 5801 3949 711 5981 395 1489 1769 2429 2044 2548 9164 3387 2709 5 741 6101 380 4220 7127 5093 7779 669 363 3967 4354 3052 1396 352 5871 6549 337 671 8210 4228 1052 4435 2482 3228 2 985 269 9476 6215 2779 697 3729 6093 78 1589 4655 1133 1916 2554 5191 708 3617 5150 4514 25 1014 268 793 309 9845 1954 9134 4026 30 4978 514 1223 3025 2156 1618 1511 1260 7764 834 1369 1792 4904 2308 1120 2461 1609 1034 2215 1371 1259 8049 1881 5494 1087 5450 1896 1243 3823 1153 4120 5966 96 4359 8963 6248 2294 317 110 5898 1460 1183 2629 5985 876 9216 53 1472 4126 37 300 3209 2389 1278 2211 2030 283 6048 796 1291 4641 386 952 4973 2896 1854 5566 2841 4110 1519 2050 3361 433 3645 157 8796 1492 879 4253 1772 2098 3134 8345 1646 685 5026 411 2003 546 844 439 3864 901 3467 184 1628 740 936 2621 275 3466 3104 2723 26 6582 5944 2714 7640 285 581 686 582 7294 3372 1860 501 3404 2800 770 5030 3486 1463 3269 4868 4331 1588 640 2385 1596 4940 1557 7036 3236 4051 1302 3518 544 4508 6601 585 2683 2655 6496 1912 6239 1961 4426 977 3312 2366 1749 1656 3057 678 1944 8950 2153 1793 493 838 9626 6669 579 2538 7288 32 2490 800 2555 2649 43 7897 1399 1711 323 6951 3452 8686 1171 7154 7828 1116 2355 1181 6023 2251 1385 7849 4858 180 6179 1274 3088 1577 1482 2724 2420 2321 4287 70 4284 2550 3337 2343 3522 1581 2700 1799 3784 9260 727 3142 2463 622 5652 1562 4829 7623 6221 9764 571 1621 3335 3713 6533 397 1136 1745 676 3078 3656 5028 5903 2034 351 326 1551 8792 383 1625 1555 5856 1839 2917 8940 3478 1807 1354 4783 1264 1831 3595 302 4526 154 55 3124 2345 523 6100 1716 878 1710 9009 2713 3853 127 3589 3770 476 44 2491 296 2597 130 612 5062 9656 1282 9070 1026 1104 1088 4589 2109 1219 5699 677 1452 3690 2258 1311 2169 7218 8492 1205 4154 2472 1063 524 2863 2422 735 7308 3547 489 1945 7593 356 1010 6910 6013 1328 798 843 2089 3185 2796 1378 2235 2636 3860 1345 3306 739 4122 3029 3444 3208 23 702 1151 6385 6192 4735 99 925 8309 415 1879 1888 1252 6518 4212 472 4346 1684 1670 2010 898 5137 4556 706 1635 6267 1425 3130 1157 2670 6560 512 539 8341 1076 1503 9267 2857 2985 2568 2594 5486 695 1313 441 7894 1539 469 2556 6771 203 1566 1658 3512 1918 2372 684 1077 5104 1216 6517 8316 301 7397 960 1774 1554 1928 3659 8799 1394 2549 16 1874 5302 7034 5400 3411 2959 375 5723 1901 4138 7097 2145 576 9487 5442 5172 1963 5731 578 2193 1668 1298 2232 7258 5106 1023 2940 4365 8308 8548 172 3250 6652 5420 3979 1662 1350 2963 613 3001 3047 4434 371 152 3318 3147 434 398 5022 1320 3450 1992 5575 1796 2048 4659 2927 5591 370 3942 111 5875 3275 551 3501 8657 7940 3165 822 788 1265 3046 2099 153 840 6014 3993 2132 9825 569 4348 2645 2882 8036 8249 1708 9895 87 3009 2641 483 1761 2592 886 9342 2322 9206 7002 4520 6856 331 3021 8756 9075 4942 149 949 112 9708 1456 933 3342 4044 1640 4005 1732 5473 4401 996 507 3889 3561 4488 8340 5638 2398 2158 3168 1429 7949 8078 3363 419 9833 516 8245 4217 2643 2047 1222 9601 8 2977 587 6159 4734 216 5593 7554 9373 170 1309 4242 2257 3449 1003 2735 892 6604 4050 865 7798 1217 720 1969 2264 8214 2569 306 3652 1051 7324 5537 299 2224 1173 6056 7033 847 528 596 1522 2722 129 8185 139 2079 1197 1242 2675 8070 1004 75 6437 314 2430 258 2739 888 1943 920 4797 1518 4250 4822 4689 2314 1108 1266 3960 7731 2202 7977 1121 5763 1478 2744 3552 3097 3138 6974 1303 3141 1788 2150 5874 518 2203 254 360 1883 3578 2986 38 7664 1633 5080 1381 1276 6414 1856 1330 391 1389 4231 418 1435 448 2365 991 1615 3874 9574 2957 5112 2080 5386 487 5370 2933 6602 4012 2581 2967 3835 540 3811 8338 6687 6624 6957 3668 108 2261 2401 3549 453 3127 8391 9484 7717 9451 3071 2984 2652 7116 2475 1865 272 4327 3890 3936 763 3061 577 1439 572 3096 6272 1 50 4133 15 3153 3761 5542 362 185 712 2141 3277 342 246 7657 7432 1032 4402 2402 3239 8566 107 3709 73 6629 1424 8979 666 196 1480 6428 1487 4099 5202 1649 2972 1054 1936 6455 877 359 3131 3956 4586 2123 554 4679 9915 4082 4668 5823 3711 5136 1584 1909 2600 527 437 2855 818 5734 2624 3954 6754 861 6287 5402 1374 4598 4480 6959 2483 341 3743 229 4352 1784 3725 531 930 3539 3964 2727 4235 2847 224 4301 995 1623 6783 3442 3498 2742 1652 7816 5645 1440 179 4140 3756 217 1360 3102 8222 2006 2421 543 6256 6717 557 2921 1707 4837 29 6617 3612 2725 4537 9687 8149 5221 5434 2031 1891 4651 1598 4268 226 6644 5493 2111 7587 1331 6801 660 2759 4705 5219 3639 1752 4147 4800 7244 745 1610 5454 3699 1447 6595 2056 769 5867 6306 1401 4035 6218 1092 625 4811 4319 6462 2154 2874 4676 873 5710 5340 5923 2238 5677 7617 638 1144 3555 1619 22 1028 1473 6127 4289 292 3111 6021 6141 1540 8412 1719 2558 2602 3244 1776 2085 249 2978 5095 1629 6850 7807 1346 1027 815 9174 58 667 2356 3194 6392 890 3614 1390 2036 3762 7251 1602 1333 7177 642 3435 1005 6020 3432 4347 4177 1959 7241 3177 7242 2033 2442 3734 1213 3541 2171 1195 2736 6371 6122 124 4625 237 4358 1675 1449 710 972 1485 858 2530 2217 3368 8856 1273 5208 1735 2142 3581 1361 9647 1605 2583 2011 6351 969 5237 2184 2181 1727 3179 3380 3868 5759 4998 2146 2306 3283 4975 1840 76 2677 1115 207 3003 2531 59 7458 2460 2394 218 1367 2590 1627 4439 2731 7497 1872 3273 4821 2560 3715 2768 7842 2397 561 993 3557 5317 2861 3291 1922 8235 4685 4776 1990 291 8191 1542 2616 3698 4961 8558 4204 8951 5646 3596 416 1284 567 2593 7724 2392 167 5483 6096 1853 3429 7371 1983 555 6078 635 6045 1527 2797 3311 963 9199 2734 891 2035 6084 6964 7927 3885 2771 8885 92 2352 1272 7895 3295 3044 5873 5664 3733 3333 4329 1101 2285 3226 3504 1186 758 63 9107 1827 1637 1734 1546 251 1941 9735 3060 5117 1090 3998 7279 2544 8938 1698 5735 600 541 8104 7065 526 7141 101 871 5967 4559 503 3772 6834 7801 2041 2192 1093 3206 308 343 3712 6088 1055 2017 5920 5518 4741 1059 1199 1718 3765 3278 2416 1986 1686 2820 1976 4270 1105 1935 5626 7 1915 2023 2733 1244 4755 8032 937 2633 1880 426 1306 9948 7429 4429 4072 914 3781 193 4867 2671 365 1404 1356 7213 3357 827 4970 35 1214 4553 4502 3623 6868 1215 223 4862 624 614 1388 5274 3798 9241 1634 1363 1070 1688 3173 8421 4428 9018 5510 1802 3459 5704 4831 8722 6398 3933 393 1246 548 321 545 3801 1182 1411 755 1975 3219 2086 5129 2545 4874 2547 2639 2999 1515 895 7304 607 1500 475 5049 2913 2481 2206 7746 812 797 3457 3396 4391 5682 8849 4027 274 5419 2262 2915 1999 1132 777 7040 4886 6342 6305 655 128 3851 289 1586 5782 3643 91 5934 1603 2227 4071 8066 3573 2161 6852 2231 3831 8180 2873 1899 2637 2448 9869 4086 4407 1494 1098 7090 5335 4523 4591 510 3324 1089 1106 3658 6616 4745 1189 3210 7626 3058 3627 2373 1641 5851 3797 5471 823 1693 4101 1188 97 869 646 8534 6235 5146 6928 2437 2950 278 1599 1237 1622 2952 2525 6328 2194 5114 2881 1863 48 1457 1559 3825 4302 2926 5086 6519 989 3966 4841 2018 3692 24 4594 1436 583 1953 1349 5383 3145 2989 1659 1958 2746 7635 2696 2090 2542 1295 9360 4494 1082 2904 3587 2310 160 9591 7000 3063 6037 5976 7198 1118 7839 1882 260 9935 2865 5320 2441 5850 5165 5508 4845 1987 2622 5342 6880 4406 3190 2720 1514 5042 5674 333 1050 5350 6191 504 1065 2253 668 3969 6803 946 1585 3780 28 4444 674 9940 8179 5111 4791 4063 238 2148 2140 1139 2619 7329 900 1462 1221 5147 2798 6718 4153 9803 601 2492 4457 1134 575 786 2936 852 7710 2114 2909 4118 8458 2656 4185 7845 4478 4338 1825 978 2073 2607 2106 5758 1245 2272 6647 2693 1164 6619 7638 3861 7234 3559 1937 304 1358 4254 2684 9133 4972 1759 1285 7169 4732 6302 459 2137 4943 7972 1844 3064 9664 2129 2399 595 9344 4482 8553 2502 5784 382 1897 5576 2901 7431 259 6094 3229 4453 3537 4274 5212 399 1169 4145 4187 950 1140 5063 7566 4280 802 9711 6222 5401 4615 2584 1083 1430 1491 9636 4404 3399 3523 7475 1231 1448 4484 2478 1977 1418 2854 6757 2126 1080 824 3043 9776 7453 3152 1655 2295 2432 2885 1341 3517 2175 999 474 2995 2326 6748 7498 429 2653 3894 692 6362 9808 88 5733 2564 4695 6987 515 9215 845 2764 3056 2318 848 3095 1523 6785 4552 8051 9183 3554 1726 204 6625 6173 756 1124 3783 868 3410 1547 3013 7227 1758 2027 3129 4892 2458 1325 1239 1824 1207 4890 2274 1372 4812 8626 1843 4218 150 7447 616 1571 6522 3272 4686 4 3117 3365 5670 864 3673 4014 3682 6900 1304 5500 68 1948 5228 3418 4273 884 8964 4017 3438 6597 8443 2388 2712 1811 880 3322 1612 738 2256 715 1312 6459 4384 6214 3671 932 5007 623 1952 1803 5893 7418 1561 2213 6359 4134 4102 6483 615 3471 8435 3480 6404 9175 1756 3116 4951 9751 893 9281 761 4576 825 3604 6225 1337 4106 1653 2155 5887 7818 430 21 2907 60 454 6424 8336 883 1426 9150 2332 945 2057 1046 4267 5239 2842 1743 1373 2920 2609 2673 3970 4049 3176 3893 2387 9622 2378 7408 3246 1869 9672 1327 3477 4793 4639 1497 3972 1548 552 2078 1307 2377 228 558 2454 9551 1996 672 1957 505 2263 6470 603 7698 6572 3188 1504 5392 9212 5913 8628 3263 5892 619 3563 500 407 8382 3644 5539 1545 9429 8832 5087 5154 2617 2698 2732 1822 3907 4361 4142 1595 5828 5311 7516 776 102 1632 1212 1804 2168 2438 2831 5889 5233 3724 5222 6885 3882 7810 1809 7876 3567 136 4624 2635 447 3462 5845 6238 3377 1657 5443 4707 6877 2729 2221 9307 3591 846 449 5584 5201 8128 4314 3065 6403 215 2380 7836 2068 2379 222 3745 7313 2005 6251 2360 8546 19 5061 3880 3841 3754 4469 1368 4067 1020 9972 5899 8283 4103 5938 1970 183 5188 125 6124 811 9848 3628 4386 8695 594 8296 1053 8842 4992 2299 368 923 5225 4935 3090 2782 8881 3922 1021 2679 2829 7964 5610 3144 335 2902 5444 4149 897 4834 2484 3224 5393 1579 1000 54 3115 6672 5415 4414 909 8344 257 1308 6324 3 6714 2054 5143 574 4089 2702 961 2335 463 6787 6901 4184 7296 4883 953 6039 2480 2674 2585 5140 2818 4560 5033 2991 6567 5751 7354 3736 1155 6561 4256 1626 1993 3036 3637 1689 5830 3022 219 1574 6379 6193 3963 3785 2949 5621 8475 1624 1679 5265 2084 4210 6299 40 7063 3978 2962 5142 5457 1535 5110 9558 52 2152 3338 1159 3070 1319 8880 332 3931 5719 850 593 3525 466 1914 3778 8281 5499 5912 1534 1218 6275 2303 6311 882 4900 610 5038 520 736 7584 4019 6576 2539 1648 3125 7758 4847 6798 470 3613 7047 4061 4771 190 5582 2286 4512 9453 2546 632 6756 5002 2024 3799 2105 6713 8791 7605 201 5490 2601 7496 2819 3674 2745 2323 9606 2756 2180 1692 4880 7493 4205 3744 7275 455 3113 4995 182 4202 71 2297 8691 4716 3345 2528 7386 6655 3779 1029 4468 4018 4345 4162 894 4623 976 3409 3832 2935 4174 2173 3896 4452 2239 6164 316 3472 3768 2055 568 7560 6340 5795 1446 513 1722 8089 3924 1979 39 6773 6253 719 4373 2157 473 939 7973 8525 3334 1817 4777 3955 3035 3795 7799 783 4671 1476 1506 6800 4915 2290 2162 1995 2565 1437 4529 2128 9494 1464 191 4264 5090 780 2270 9801 3423 4413 1826 7053 9873 5271 855 5469 3332 178 4486 8470 5716 6750 4016 3182 1878 2119 3259 2943 5525 2139 3359 7604 8896 2077 4780 2951 3556 2786 6876 4389 2992 8105 3749 2131 2350 3262 5438 6931 171 6044 691 6651 3018 661 6334 2816 5463 4443 1526 1391 5341 5066 4887 5128 5354 6326 5328 1056 3227 155 5107 2159 3316 2414 919 8615 5762 8196 1706 6068 6157 6614 2534 1180 2738 6922 3748 8085 9418 3051 3550 913 2557 2287 8298 3686 1770 2226 5999 6286 4175 2094 6285 5630 651 3912 4773 4680 918 256 8014 2778 6874 6190 1301 9125 7099 133 4610 1543 2807 271 2218 3582 3647 5189 4432 6105 6552 2997 3981 2339 2886 2122 8968 4241 220 8946 637 17 6246 4567 7555 4557 3574 2136 3356 2393 261 1889 3500 6942 1255 4224 6526 1871 5190 3264 7598 8039 4678 3697 4753 77 194 4255 7310 2457 2591 8555 757 2501 7641 3621 3433 941 5870 5739 1591 5082 9904 8321 3804 2070 9565 2630 1521 6507 7490 1469 2223 1654 5397 4064 5327 4219 2013 9566 3388 5904 4209 2875 5357 3794 3376 8729 1789 1663 817 3689 421 4074 5808 1084 79 6742 1837 165 1238 3544 3180 4994 69 7173 5555 7591 3951 7932 1230 9371 1154 722 212 7093 1600 4070 2795 8280 2871 4351 6890 4090 4011 1275 7137 1067 2439 4627 8518 2200 3904 8203 422 959 4211 9533 9785 6859 5125 4770 2993 3110 8058 8794 4922 4171 6998 1910 484 286 4692 2844 562 754 145 3422 1107 3017 6914 1251 2517 5900 7014 5705 7509 807 491 849 2846 975 5666 3091 9264 4113 4490 2749 1536 9805 3680 7404 9397 7167 7019 1683 2894 7753 263 689 4955 4633 2864 4166 550 5378 8236 6271 589 2526 3107 3237 6627 9875 1510 1964 1114 3731 3066 648 7712 3597 3901 2610 1846 4706 4872 381 8797 3249 7583 9299 3086 2707 4530 9155 468 7191 8466 4397 837 3738 3684 3455 7830 1314 4620 315 8630 3626 6988 4007 3939 4757 7834 3384 288 6593 7416 5869 7274 5926 7542 1279 3663 3385 9546 2858 2966 5606 2435 3946 7738 1096 2039 3807 6525 3590 2704 3788 1597 9659 4009 5741 1382 9309 9474 6314 979 4649 4572 980 2666 4088 3796 3270 649 1002 4191 3045 8916 5815 7321 3235 4905 6587 2770 6746 2783 1024 5785 5772 3928 2781 5318 4856 2058 1766 3474 5416 6360 6997 6010 1639 3198 7936 1877 9186 5015 6671 1700 7029 8926 4446 4819 1806 7434 4823 408 2346 5644 2760 928 452 3520 9036 267 3008 709 2925 6028 6516 4295 916 2300 536 3540 8429 1377 8592 2663 4782 477 2004 5910 8707 4285 7946 5688 943 765 1253 2327 3286 7565 3285 177 1636 2953 2330 7969 2690 1764 2060 1906 5050 451 3139 6297 9146 926 2016 591 2587 4377 6259 414 2052 5979 9377 9942 3822 81 6391 7743 6722 2236 5578 1043 5331 4225 3294 1117 3508 4001 2225 1299 2605 2151 3833 835 1138 2074 298 5568 5472 4769 3010 8095 4311 2567 2912 3414 6270 1031 6317 1128 5361 5538 6811 5161 6502 7708 1045 186 5122 2051 5380 4974 2918 9727 2708 8351 670 8828 8808 7665 8902 3037 3313 6912 3121 8597 831 2025 4169 5927 2998 6860 3100 5783 4172 1813 1150 5169 4215 5995 9330 3289 910 7480 5168 7821 6649 312 3624 242 1177 9782 4646 6804 6332 206 599 2219 8075 2625 5247 3720 1614 6149 7515 4013 2701 1980 1413 4701 744 5636 4023 1838 4117 714 970 2204 2750 1642 3510 764 6548 9858 9 3150 3829 9060 9091 694 6228 9363 705 253 6995 7997 4189 4861 481 4244 8005 3331 444 2964 1608 6506 6366 608 5389 1268 3330 781 1590 1787 5073 6433 2799 2860 647 6258 3154 9123 3803 1400 1791 1365 6165 6468 4816 2794 1175 9181 7906 1638 5901 7674 6356 7883 645 7373 4281 4554 4136 9102 6017 1617 3594 3436 4824 8753 4077 13 322 4477 2553 241 2500 4568 3513 5205 7663 1532 1709 1828 5216 2015 4164 3019 4801 8453 9279 7524 8102 8220 2802 5984 5507 9141 1704 2065 3819 956 100 903 3149 4247 7017 4864 494 2259 9258 5244 565 8745 1211 7823 4282 6690 2911 2825 1131 5727 3243 4422 7825 5081 176 870 2867 2514 4497 5234 9853 584 8006 6320 4323 944 9062 5353 7119 6150 5369 3193 4546 4438 1723 1717 1110 3503 5445 1582 5748 8717 4694 5665 6423 7924 347 5148 535 8417 1613 729 5844 482 5377 5446 4688 2007 2434 3248 2248 3238 8588 1894 5023 5679 726 6330 478 2815 6382 4618 1232 2395 6341 8244 8251 3737 7301 8186 8380 8653 3049 5658 1815 6704 922 2740 1705 2974 2374 6869 8012 3740 3292 3980 1505 3888 377 751 2969 3163 4330 6316 2062 361 5116 4501 1127 2821 8189 2361 255 1797 7157 6849 4460 5854 3137 8273 5883 4750 9605 1538 4813 2932 4196 4817 8544 3507 2205 9122 3161 4046 6891 3374 1130 4581 458 4498 3695 208 5182 1102 6985 4948 1163 3451 6826 3848 5777 801 1344 4366 3996 2710 3965 4911 2891 5639 4580 8116 2968 9694 6843 6878 4808 4722 1048 3175 5433 3487 7245 8407 245 9149 1777 4532 3820 3304 2046 2428 4163 4246 4021 6930 5288 6118 8766 5822 5100 56 2586 6872 8271 134 2754 8414 4167 664 1575 9291 1008 3776 6658 5480 6813 5909 997 5936 4360 2638 8599 9188 3586 4577 7181 8669 4393 3843 4436 8399 4950 7672 5942 5826 4687 747 8050 2765 1760 8425 6369 264 5968 8083 9298 3534 3891 6667 62 1353 7120 6858 8398 9269 4372 4662 3615 7092 9432 5533 915 6569 8474 6729 9997 1765 7248 1438 6213 785 72 8455 6512 496 1818 89 4535 1875 1339 1179 6553 7814 1450 6197 6788 8865 7367 1376 5155 2851 9413 3728 1580 8663 412 4321 6243 392 2508 7871 7901 3218 4779 1530 90 2307 7602 5359 9226 5314 3679 2268 4243 7106 1078 1240 929 4710 2571 6322 1443 652 1920 4332 7254 6189 1898 1902 2924 2669 3834 3437 3265 1773 1661 5827 8632 9266 7685 6488 6577 7720 2452 329 2849 6230 2631 3240 760 2125 4996 1750 5466 9930 7541 2524 5371 7460 7520 2938 2987 2255 3348 1930 3773 4882 5316 106 5193 2316 175 5925 6002 1434 4462 7957 1427 8219 8268 4932 7580 7745 7768 5118 2133 3883 2876 8055 2210 5559 1886 5349 2187 1712 2344 9124 7008 994 2029 4076 7184 169 962 1884 1466 4524 9002 8952 7966 2809 6355 6318 5649 5963 6416 3792 6301 6313 2191 4697 5882 4906 3952 1816 5368 80 4723 7010 3927 7050 2186 5769 7978 8069 4425 7476 1790 3006 4374 2419 696 7450 464 4085 3082 8228 6782 5467 4835 5685 2577 5489 7609 7502 6952 313 5647 1673 3895 3672 2716 95 1576 1520 4609 9980 9049 2426 2021 4739 4545 6031 5037 2620 1204 1296 6208 5021 8400 6387 4718 6812 9540 4368 4131 1672 4378 5044 5313 3454 6 3204 5736 6226 4340 2694 1416 7543 3184 1728 2835 8041 724 8556 787 6477 64 8585 410 9109 4408 704 9919 4475 9056 5958 8231 3752 580 1095 1428 6866 7235 3767 4062 2814 3041 7038 3650 5418 2147 6700 1721 2937 5477 6691 8267 4069 5040 7491 4336 9872 7131 6145 7824 2580 4315 5673 280 8866 1250 4965 2199 6727 7931 680 7078 4711 4846 3038 6585 3325 9104 7468 7420 1537 7869 2971 5596 2640 3959 9467 5046 3403 8028 2537 4159 2897 2813 4030 6744 8130 6167 3031 4464 8613 9999 2208 6183 8935 4643 5404 6978 5779 5619 3995 9248 4098 248 4566 1873 287 7557 5217 7076 2834 790 1560 8614 7171 1357 8886 47 1697 3849 5857 1753 4981 7484 9767 9308 116 6176 5697 8195 9950 6682 488 4660 2608 3413 9714 4744 4293 1594 6255 1517 1206 9087 8781 6277 6992 6536 4509 6269 5541 9747 2533 7178 6441 5891 8115 142 5803 8074 6688 1178 6377 8983 1160 4795 3585 1465 4985 7165 8334 9504 7549 1254 3655 3683 4230 2695 276 6234 2956 9772 4179 3351 8460 2572 1805 3976 4091 6418 7357 6916 5414 947 7290 6621 8514 6126 2559 2848 3211 931 6626 3824 1939 4020 7910 2845 4458 841 8062 5660 9584 9001 6401 7489 3260 499 1384 1849 396 9728 2391 8891 4158 9303 163 6451 4237 5876 2026 659 4261 3103 227 6665 6660 7100 4749 5928 7240 1018 4396 5163 5141 5896 3476 2121 6542 61 3636 1347 1681 2371 5430 8854 310 1444 2692 2899 8914 904 425 4157 3649 7411 3812 5906 3685 532 409 6276 6823 9375 3221 7024 3485 7353 8581 5487 1479 2519 8048 966 3496 2362 7350 187 4747 1442 1742 5200 5241 4616 4924 3543 2883 9110 6646 1549 5526 5210 3599 3268 2906 5085 3389 7206 778 2941 5186 6599 8148 6449 4115 3855 1931 4936 31 1415 2407 746 566 1819 4275 631 782 2291 9981 3519 4561 2869 5543 4200 8277 9543 4096 8498 4349 8423 1147 9545 6709 8270 6926 1166 4125 6501 4622 854 1923 1123 4613 2112 8136 4596 6011 7689 4221 723 4928 6117 2243 8512 6153 3802 3434 9311 8378 8440 9105 4583 509 7396 4737 7138 8835 5338 7585 6429 2839 3143 6252 6361 4376 742 2342 3793 2743 9815 3266 5987 2064 4607 8157 7442 5531 690 4487 2496 3845 4742 958 2087 6003 8937 9671 8539 4958 3968 4032 3974 4278 1583 7616 5761 4084 6543 3859 7346 8676 3625 6497 6347 4667 1950 5390 5149 8240 3298 9556 7736 5796 7571 1146 4761 6111 3255 5251 5199 1355 6777 8350 3631 2375 4704 7121 4310 2254 3083 5296 1109 9719 1829 3814 1730 9674 784 5098 8461 4094 6633 3004 4869 9475 6706 1038 6635 1408 1601 7102 6321 2408 6819 7162 7644 7659 3620 7499 6535 9975 5811 7813 8396 8335 3950 6889 4602 2313 3953 3915 5888 3360 2277 2368 8894 1454 7809 7257 2415 8001 4562 8437 3657 192 4226 6679 1847 5278 2143 4485 5088 4341 5730 3054 5835 5266 7072 1616 6354 6338 7302 8619 8728 20 1747 8383 2185 8625 805 8847 3358 9274 2730 9994 9016 573 1848 6209 3440 4914 1387 2444 6206 3703 4764 4206 7437 3646 8882 6929 4959 9158 5818 908 9620 2283 4465 3827 435 4291 3201 5939 1800 1035 5441 9003 9929 8775 9641 5698 5681 2095 6615 3241 4603 3576 9662 9883 9231 9640 2603 4857 7953 6574 9688 4065 7081 8322 3369 270 7262 6450 9702 4647 998 4363 2436 9977 9633 9511 1310 5821 9096 282 2976 9153 3073 4968 1558 5675 46 3072 1039 1143 8252 3245 3533 626 9555 9679 427 3707 5547 9339 1782 7667 6203 1152 4249 8600 6681 681 3344 737 5243 6832 2201 1682 743 5502 4277 5974 2965 1321 2269 9068 5506 508 6540 4060 1336 2996 7831 1525 9581 1966 4726 7351 7456 3314 3852 9272 8415 7361 6908 3608 121 2512 3094 7163 3160 4445 5399 2487 4207 1861 7691 2862 232 5013 6210 9820 1410 2144 2470 11 2075 7596 7552 9610 8406 445 4342 6605 7382 5235 5872 4299 5232 5602 5676 8677 6707 202 1271 2898 5008 5203 7202 9700 7205 4664 3702 3257 4499 3633 7592 6065 9971 6121 4759 4326 2541 1973 8327 3910 3562 3123 4629 5732 2049 3506 6059 8324 3810 104 859 6894 4672 2506 8815 7175 814 9086 7209 7252 1855 4300 1696 3402 8162 7158 8459 9224 9348 8510 6188 6431 7690 1985 67 6781 5245 7783 4947 4945 4717 4160 6745 8903 4496 4473 8601 9559 6790 2536 3394 1572 1647 3667 9057 4765 320 1917 4638 1573 7318 5014 4383 1798 8181 3375 8127 7201 3787 6920 3505 7160 1040 2102 7058 2678 2715 5421 1832 8013 4357 2170 6817 2833 4675 5432 9600 5540 8958 902 7369 9073 7180 1729 5753 4794 5382 3039 1965 8627 7390 2367 8736 2412 6224 4381 9965 1905 2182 3181 3156 3081 2446 7041 9355 3427 6835 1501 3857 3098 570 6336 9953 8747 5838 6187 9446 2981 3925 6448 4699 8972 9143 3087 6527 6185 6596 1755 9142 9903 5249 7410 3489 2040 7784 8439 5103 7317 9420 5558 7575 6457 6061 5211 5429 4068 8183 4097 2233 8516 1125 7713 5083 7533 6979 6485 9261 3166 2386 8981 9374 5412 4079 8589 2467 5972 4239 7661 8119 7961 6119 4574 3336 3666 4183 3786 521 4832 9746 6461 6445 4544 1280 1258 2396 8117 8777 5757 2464 5295 1919 1156 1247 8347 7383 4461 1263 4370 4696 1578 2806 8431 809 7212 6481 405 5917 7761 3902 6077 8427 7216 6005 6976 9758 4788 9701 6841 1085 6219 2888 6961 7679 7771 8230 252 5395 5863 7044 3346 4564 3716 6939 7986 9316 3174 3379 5381 5303 1913 3443 6887 5485 5960 2359 2717 1086 6363 8490 921 235 1746 7486 5714 2008 6758 8232 6435 734 984 4571 1984 7193 7142 1643 973 5990 7645 2777 7069 6666 6489 5792 7188 5824 4578 5952 8596 6799 6509 8687 9479 2758 7597 471 3753 3370 8158 2769 5534 225 7026 8716 6935 9436 6694 5919 1991 6195 9893 6130 7436 8603 5655 1691 5286 7004 3840 5272 9738 1924 4798 3397 7359 8803 2930 4555 7721 6479 4803 7057 8565 6067 6731 4619 906 3187 8079 2762 2190 6063 2222 7256 6807 1593 7655 5805 7880 5109 3718 7465 2176 5254 1289 4135 6217 8654 7419 4507 9090 5388 3611 9586 1868 5387 7255 7954 5394 3630 8758 7394 2975 7704 653 9464 5036 6087 8441 6260 9426 7277 8992 6041 9492 3499 6289 9681 4653 6927 109 6684 717 3118 3383 3665 4449 2780 6114 3830 6242 4037 6822 7471 8920 2595 4324 1508 4730 4907 4286 389 7462 2451 156 4107 5057 2994 1550 1058 8016 2091 2096 9431 7913 2234 8648 3407 8576 8776 8487 4946 7772 6472 1267 3722 1502 3305 4878 7221 6018 5776 8864 2711 6390 4004 8500 6531 9132 9234 6830 5478 6814 8930 8713 9847 2012 8870 1359 8109 1049 9563 9669 3293 9514 5476 3482 6809 7546 4437 7056 3461 4041 5773 2431 4785 6446 2266 3545 1366 4893 851 9673 6864 7145 205 2127 4593 1191 542 5269 9433 195 5479 1338 6184 7326 1660 3447 3846 5344 7409 8858 9658 6559 7039 4805 2688 8991 7577 9594 446 7091 5164 5671 4481 6546 7599 6554 7899 7226 7711 5653 5408 9483 379 6943 7236 2787 4335 5213 2657 2028 9830 4806 8528 1927 7915 7012 2751 6177 5124 6882 1334 6421 4621 5010 1666 6766 9712 8337 1112 1972 2165 2752 4412 9129 5717 8476 5774 6460 7722 3189 3401 5482 604 3200 4173 6444 8187 4234 5614 6913 7199 146 4778 6654 7878 7956 6439 7687 7891 9187 6156 5175 9398 9766 3638 6710 8712 7658 6726 8387 6668 8718 5280 3299 6106 816 3439 5663 2370 3197 74 3326 6220 7266 9428 8757 6673 1193 7393 3491 8175 7804 2167 3675 5737 4597 3914 1168 4746 7769 6399 828 5806 1830 4055 4894 5911 9639 8029 7562 4988 5076 7840 6140 5096 188 5417 3279 657 3760 7812 131 7744 5994 3367 2020 2196 7495 8785 8730 6135 4269 3502 6528 2719 6786 4466 9356 7370 1165 5330 8491 9859 4459 4029 8824 6720 9421 7298 2753 1887 701 6503 1351 8582 3468 8052 6172 8610 8995 3232 9282 8924 2009 5413 2072 6611 4820 7677 6676 6934 7740 1277 2349 6838 2097 7865 8554 8568 1651 1220 1725 773 2868 4866 2292 5700 5524 3256 9615 7237 8812 5162 8727 7222 9236 1858 3900 860 6689 2681 6907 6705 4288 4703 8731 2043 8200 9818 5549 6109 5209 5853 8242 2784 6155 3381 8801 2338 8495 5694 9794 8065 1836 8535 6066 4573 4056 6273 5601 3341 5595 2676 3274 3662 8616 4143 6751 6000 7630 8671 4279 725 1420 4644 7477 7841 6074 1988 8672 9219 5588 2838 2499 3302 2615 8312 6670 4634 8806 3610 3317 4767 3069 8068 8769 8821 6737 103 2053 5185 3531 9265 198 4827 1690 4636 3441 3975 3343 8113 4400 8174 3669 8318 8723 4495 3430 6207 5178 6116 8239 2945 3421 4421 6453 4604 3850 7062 12 6946 7508 7115 6634 7451 8152 5355 4534 5695 1190 3349 887 2110 2728 9078 8989 41 2315 5053 8248 8009 6007 9931 6112 4952 5484 5977 1531 6331 6683 7636 8673 8606 115 5562 6125 3183 6291 6283 2278 8990 4379 8037 7312 9225 4860 2903 5516 5374 6050 3619 3881 5557 4921 1022 3897 5025 247 3347 2699 5804 4683 6762 6137 6075 3766 9959 4849 9084 7922 6570 9660 3919 7632 9235 8829 4272 5307 9336 590 3764 4897 2354 5560 9047 7531 8132 5709 9020 1224 1744 4982 3371 7074 3603 703 8805 819 5144 9095 4879 9927 5000 7852 4608 3460 6310 6753 733 4028 8305 5908 4645 7387 8071 7870 9193 5325 3948 1678 6779 7943 9925 7959 4081 3717 1833 9645 1445 8358 2747 3837 7762 7134 7786 1934 3353 8751 7400 4809 6808 4611 4150 4954 7104 4967 3867 5536 1951 5130 4889 8689 9902 9253 8206 5310 2317 3446 3923 5668 4956 6231 8385 3789 9201 3011 8135 3080 6054 2803 6389 5465 2521 2623 9211 8846 5862 7523 6815 7427 9806 3607 3921 8985 9414 2922 1398 7873 8563 8620 6861 1419 7582 9854 9177 9621 7670 1044 8665 8923 1407 682 9887 1079 221 3865 6565 6805 1867 7726 8520 2067 588 51 3862 3913 1775 6607 7016 9987 6430 5691 148 4884 6142 3826 2776 8173 7928 9387 1158 3688 6977 1498 1932 3714 4853 6233 6637 5793 9118 3593 5650 436 5767 6349 4543 8339 9956 234 8857 6327 1091 1187 7259 7001 662 3247 3028 772 4395 9196 3288 867 1645 3509 7433 3866 5264 6534 1300 9923 9729 5820 9485 7985 2627 2523 1851 7214 3419 8077 5954 9044 8988 2718 3602 6505 4713 1968 5333 2879 4073 6996 3398 4182 5366 7282 4245 8354 7011 748 4684 7263 5816 8365 4078 8944 9755 8403 8760 6143 334 297 6772 7009 8442 1929 6107 6337 2466 1974 3062 3818 4176 5618 3354 5583 9488 6202 2348 3930 6936 7692 5456 6395 7874 5766 7548 5174 5640 3034 4517 2884 141 9227 8204 665 5120 8303 9832 8241 5552 8703 9507 3027 2532 6810 8651 9554 2644 9321 650 5308 8015 2942 3654 6198 4814 4047 6147 9954 2246 6857 5706 7215 401 8574 5865 3012 2462 3839 8998 6639 3497 3961 9529 4902 7272 5971 9916 2331 384 6154 1967 4038 9284 9419 9821 3990 4265 6949 8547 9305 560 5864 8783 6343 2178 4304 964 3075 5431 9069 8656 9416 7482 358 7094 856 376 6886 9293 8838 9843 687 8263 1200 3739 2319 3258 266 5975 4964 4865 5711 810 9576 6984 5462 7774 5752 9635 420 5426 5724 6296 8961 9482 9570 6099 9665 9160 7112 5284 4969 8081 7284 5641 8931 8208 1326 4614 2069 113 8000 6918 8917 9025 7031 1318 4516 4690 556 5800 6555 5184 7650 6867 1751 8198 8295 9312 5218 8965 7639 4971 8353 9984 6480 2767 7866 2748 636 7174 4673 7612 4728 5760 6138 4294 7325 9885 8007 8057 8213 4116 162 5332 6083 8161 1201 9131 3805 7889 7675 3747 6436 7989 2449 8084 6999 4419 5765 7654 5945 7709 6564 7947 3464 5094 5810 6820 4807 9386 7192 1111 4042 6892 5135 293 9347 1850 3297 4213 2664 3532 9192 6881 8984 7517 4525 7781 8469 6053 6432 7859 8472 3572 4926 3878 9329 7096 7267 6738 8898 6947 4987 4036 6009 6051 6049 6015 7398 9886 5004 9759 1563 3296 4931 9560 4666 8310 3569 7622 9250 8134 4043 4057 4515 8436 679 6650 4045 8721 9168 7666 1570 5509 2878 9106 8126 9967 6741 6853 6515 6836 7355 8059 7833 2859 6870 6897 7785 4870 5669 4463 8025 2856 122 9899 6558 8088 874 4124 7129 2276 2522 7680 8418 9408 5248 7118 8451 5623 6895 9706 8710 3940 9113 9557 9579 8017 9200 4754 7023 2280 1057 2305 7470 2686 6415 8646 8734 7528 8464 8207 7189 9111 8288 5513 9496 8307 2654 5427 4415 8279 3172 4193 6953 6631 7794 2382 3877 8561 9748 6677 3191 9667 7311 3382 1174 9897 7614 3050 4375 8612 9077 4818 1524 7971 3962 1236 123 3800 244 5145 4470 5980 7683 4536 5279 5312 7976 5364 8356 5599 3203 3074 3941 5257 4168 5807 6696 9676 9910 4266 9613 7399 5764 2647 1631 4208 4727 4976 4369 6642 6128 8810 9871 792 6695 9171 4000 1715 9928 8517 6368 7126 9632 6026 5988 230 3529 8701 7671 5119 8759 3416 6847 9844 5292 8151 5054 9811 9051 6588 5634 5813 7143 1665 5458 7364 3015 6406 8772 8883 7581 6643 2183 210 7261 9028 9350 4472 2309 5152 5255 7441 866 4066 5701 42 6530 7732 3730 7950 7469 8658 7890 8738 7113 8379 3775 4587 3875 8229 5689 1669 8282 2504 3871 2682 7048 9517 2606 2691 5754 8975 3014 8740 8106 3691 5299 8331 5240 5712 7347 7820 1225 2107 9765 6307 9490 7166 8724 2611 9033 7449 5315 7633 2188 4161 6469 7286 9612 530 9402 4844 7330 6160 5948 6523 3918 6170 1210 2341 8521 5703 9221 3231 8118 7729 7337 9465 9380 7539 7735 5360 3606 2505 7087 2961 7149 4456 9826 8024 7522 340 5787 1290 3838 5622 5398 8386 1630 4298 8456 6755 8629 1033 8101 9000 1731 7974 2573 4709 4518 9031 9800 7992 4842 5686 9108 9721 6760 4199 7238 9393 7660 9093 1383 3651 9531 9589 8483 5045 1074 2160 6674 5470 2423 2661 8639 9189 1458 7796 2468 1332 974 7130 7430 6583 8634 5600 7568 6452 6547 1933 6375 2471 9696 8624 5860 5577 3526 7702 5031 231 3546 2293 8103 8999 4547 9362 9376 3053 6131 9440 2726 2120 5055 3705 5572 8800 4522 4891 3571 3261 9797 6312 5858 6589 3769 6899 2982 174 5545 8484 4775 8888 5861 5224 7564 6091 7331 3696 5009 2908 1762 8348 3140 4715 5181 6182 3886 7991 5194 8915 2877 7860 8486 8511 9642 6223 6495 7306 4908 2134 8611 7406 1001 1911 6393 3055 5375 7376 4308 4953 403 9535 5834 1738 6600 6749 5347 8188 8974 6948 2212 5351 2296 9855 2612 7046 5323 4796 9521 6768 8579 7987 1533 3872 9731 8182 5722 7144 6308 1348 5812 2014 7716 7676 3605 5802 8752 5571 9053 8754 7172 7377 4390 8217 6933 6419 7362 9937 4350 6058 7243 3448 7714 8872 7902 8053 9135 9572 243 4399 1960 9390 4513 8978 5633 6161 6171 2887 8705 4333 8274 1801 3899 4738 9119 6591 8426 5964 6062 1724 4990 5648 5464 8571 7270 7817 4725 6040 2425 6397 8209 9438 6529 4489 5914 1142 7561 5481 2826 2596 9190 3492 5365 4944 592 6645 8043 4427 7269 1305 5788 7176 7514 3408 7863 3708 3463 7293 8892 5628 9275 9810 9983 9617 4128 7967 5790 3994 4756 7757 4774 120 5832 1414 9505 2242 630 1695 6844 5422 799 8333 7381 1461 3622 1794 2166 9539 3937 9634 2706 8485 6425 8468 8361 9458 3911 6917 8129 9868 4681 9463 8091 9951 8246 5291 8538 8967 8699 6736 9384 7334 4156 5983 3005 387 1529 7049 7264 4913 8959 6685 8401 5153 8141 7492 4533 7706 7934 6442 8957 3320 318 5998 6865 5238 9213 9445 3458 6767 986 2646 7445 9100 9165 7631 5672 9297 9917 6409 9313 4479 5573 8897 2570 7281 2628 9652 6875 8580 8633 9524 9837 1041 5498 9172 3677 2811 7485 8678 8373 6115 4123 2689 9655 8591 8966 9030 8269 7365 4424 3167 114 533 7892 9443 9412 6702 6204 8072 9780 7538 423 4599 5011 7737 6376 2479 3648 7699 5171 9337 9232 5133 842 9583 881 3987 8169 7225 1047 8987 4595 7525 5544 406 9519 8524 8641 5197 6986 8638 6069 8936 7572 9949 7802 9179 2853 6818 7319 8726 9034 438 9394 5391 9289 9846 9035 3199 9840 5833 3759 9032 9214 9011 9761 6693 189 7152 2376 5376 5527 8871 2812 9243 6268 4632 7988 8144 3079 6229 3171 7696 9938 7194 4930 5468 6029 3378 3790 9391 7998 8172 9996 7634 3321 4630 7368 7303 2947 5846 7739 8993 5207 294 5173 6232 5385 6663 6940 137 5334 1066 6723 9722 9202 9306 5227 8332 9121 8505 5680 8216 9870 2973 896 4292 3774 3020 1892 4733 9006 7647 6990 749 3230 5567 8238 9379 8817 7037 3524 3493 7770 9159 8002 9333 8910 4790 3694 938 9653 5440 7872 4570 1486 5505 9154 9549 49 9922 8833 8110 7589 9459 7307 8234 9256 9509 5091 9697 5159 3809 9668 3242 5715 6038 8575 9343 2279 3456 4297 3225 9716 8164 7448 9147 5260 9038 2250 8932 5915 6374 9352 2163 3908 4398 6778 803 9590 2805 8861 3364 8449 5411 5503 7219 4362 9567 5358 5424 9651 8642 2198 5943 4600 4966 9627 9939 5651 6178 8578 6575 8416 7624 5970 9399 9094 7979 7862 9769 8878 8064 1862 7223 3287 4590 3678 9544 8165 5281 7877 8192 8876 8956 8844 6174 6898 806 8700 9682 5631 7534 4283 3727 9943 4702 9877 2561 3026 7483 7914 8733 5616 8447 8994 4008 290 5263 7388 5708 3323 9138 9480 8317 9608 9693 6134 442 7656 9326 4194 6335 5553 8831 9242 7700 6123 9762 3869 7776 9085 8392 8123 7540 4752 9898 8786 3016 2390 4991 9089 7579 1375 6008 9724 9522 9209 9644 9516 6454 1019 7908 6004 6345 6598 5068 8233 6580 9197 9425 4736 5101 1441 9247 2843 4309 9389 4227 8389 5449 675 4601 8737 3391 3215 1971 4901 9611 6491 8743 1162 7556 9657 4642 8023 6806 9857 8010 6073 6712 7309 1885 8650 7574 2275 3986 5252 5138 9569 9841 5881 1556 5034 5060 4743 9607 8645 7649 6725 9863 9021 9710 3217 8862 2413 8814 9713 9957 8905 7637 6482 3575 6133 2788 7422 7646 8202 8664 9733 2852 8121 6630 9473 9585 8166 8887 7942 9328 9152 5907 6284 9117 2104 3721 8900 965 728 4127 766 6019 3290 862 6494 5294 9537 7570 5196 9240 4178 7888 9628 2658 2660 5951 6250 7089 2124 3303 3926 1989 5603 5176 5459 602 1740 2138 5657 5132 7741 8223 6537 7868 9646 8997 8868 6784 277 6035 4677 3350 7070 5043 9528 6504 9223 7179 6247 6657 6402 8996 5016 7518 2045 3821 9946 6443 6923 2400 4825 9499 7643 4188 5214 1821 4195 8404 9538 2249 3916 9685 8598 1192 6282 9286 7994 8587 7512 2513 1488 7073 5548 8046 9382 1113 8218 656 9976 5522 6292 6855 6464 9542 4637 9588 7035 2445 9602 1406 8859 8499 2417 5179 4983 7718 907 5662 6911 9750 4356 8256 7793 7231 6265 6539 4388 2450 9444 7060 9022 8150 8670 9280 6315 9779 4441 6640 8257 8840 8297 2954 8063 9963 1736 4418 7006 1317 4075 8569 2895 4852 4984 8927 3281 4792 9017 4957 8636 8167 522 9287 4214 8253 2265 9130 5855 7686 8690 9217 5032 3216 5346 9512 9783 7773 9888 7342 9969 2000 9795 3494 6290 4758 6740 3093 1876 9850 1998 7975 3420 5726 7752 6139 4851 9486 4740 7186 9952 813 9918 3186 4022 7613 9995 2634 2946 3536 5770 8570 3220 9050 4650 5075 4899 5894 6937 9631 6848 9798 7305 2358 4382 3920 8211 8027 4364 3355 6060 8395 5565 9472 6309 4181 7479 9354 8873 6264 7467 9577 9534 7299 5950 8789 8420 7333 6012 8879 4139 9982 9173 8247 6055 6603 9116 6514 7603 9914 9993 8746 7114 7681 7250 4863 8925 6471 7018 6475 7832 8948 8197 9115 9454 9879 9063 7837 9230 1528 8237 5070 2325 8953 9732 6854 6994 1060 7749 9867 7292 6386 8711 9625 4538 9314 5069 7378 6701 9518 6420 8260 7551 8977 3905 8042 7742 1471 2455 5535 9026 8450 634 3214 8376 9128 8374 3425 9955 5780 7276 9774 4925 9742 9835 3863 5041 8108 7075 8709 7110 9083 5597 7765 9204 9228 5880 4423 7941 7268 5586 9457 7440 7424 6076 4355 6064 3873 7719 7500 4290 9338 8323 5924 4492 5982 6082 9760 9318 8744 2282 8770 8154 9771 6728 5564 5406 7032 9809 3642 8112 9703 5423 6829 8780 3271 5997 2766 4848 2934 6148 7082 517 8201 730 1198 6364 8939 5707 6166 5029 9493 5859 490 8819 3484 779 8304 3076 4121 9422 6716 3032 9908 8954 8122 6498 5683 3158 3528 1129 8349 9799 6281 9103 6257 8080 7652 8276 2411 2817 5590 9630 9906 3195 4881 2059 8306 5529 6024 643 9301 7607 7916 7015 2540 6962 3535 9691 6352 9979 9346 7864 8054 8286 3570 5262 7505 3415 9042 4258 9550 5204 7993 8527 9891 7446 1013 6724 7621 9876 8976 4980 9097 7071 6132 9271 8912 7938 8681 9185 9462 6288 8272 3693 2958 119 1513 4760 8190 7829 143 8809 9262 4784 6664 2823 8559 8906 456 8526 3558 5079 8715 8159 2914 8680 9369 6384 1956 5877 7338 8943 7052 9470 5183 8825 303 4826 6085 7980 3393 5574 9824 4146 7352 6036 7077 9364 8807 7153 6824 6194 9254 6888 8666 4895 7917 3212 9880 7952 6325 9704 8839 8111 7103 9699 6761 5959 8480 9294 6568 7760 6426 9082 7728 6348 4080 6636 6304 6956 7210 7703 8595 9066 9756 1925 3701 5290 4977 1496 1036 5396 9723 5718 6968 9401 1370 6098 7648 7217 7316 6186 4669 7535 3935 1907 5747 7930 7007 2632 1835 7673 3042 9736 9629 2195 6344 7642 7939 9614 8156 9268 4170 9358 5678 7413 7327 2763 5878 2755 4563 5768 8652 8837 4700 8034 8830 6339 7208 7474 8291 8143 1422 4148 4519 5223 6300 8586 8364 6975 1737 4440 5589 9015 1455 1565 3735 9353 1812 8194 8779 8254 1677 7844 7563 8372 2433 9900 9041 8360 4919 6719 5230 7123 3538 6921 9718 8124 2440 7795 5949 3328 8564 9970 9191 1025 7084 6513 4260 6721 173 7124 9553 9064 9055 5581 8477 836 5799 8076 4450 9787 6764 5373 2828 4898 7083 8258 4934 9203 9650 9210 6521 6571 7918 9163 8255 7792 8018 8784 9151 5996 2651 3114 9145 9757 7182 8060 967 9481 9489 8409 8022 8782 4251 9637 8163 6752 4503 6030 27 762 8368 3751 5298 6739 6863 8604 3566 9823 4276 7907 6278 1343 6263 4410 6594 5546 8545 2613 8056 2721 8096 364 8813 9310 3828 8502 7125 7384 8225 5059 8949 9245 8301 8694 8826 9366 7850 9388 9252 3308 9515 5108 7545 2703 8259 4416 2456 9019 832 3564 3222 4575 8444 8314 7339 8836 9220 6837 3178 7678 2789 3836 7532 5157 2410 6465 1172 6905 5435 9909 7920 1779 7618 8493 2474 5720 6827 9717 7344 9666 4548 6711 8184 4510 8090 8098 7289 2793 5937 2220 7372 8205 5051 8410 5771 9012 9901 699 4657 6212 6662 2340 5825 9071 9778 5121 5451 8445 3465 4238 5039 5072 8264 9739 6653 8481 8660 1685 2082 8704 7204 8454 5608 7909 7827 8973 9990 6378 9435 2599 2626 7838 3148 2071 8030 8394 6966 8541 9874 3213 8688 9442 8696 6692 4986 7336 7428 7905 6303 8590 9737 1292 9791 3641 7067 9491 5126 4236 9813 338 4762 6158 5551 7028 9137 5089 8177 8463 6144 9705 9905 7925 1228 7358 5840 8045 9169 4661 639 9296 3395 5326 1890 6108 5879 5965 7066 9410 3495 6967 1196 7379 9466 2364 6484 8793 7544 9052 9229 5078 7473 9912 5048 7164 7848 9178 6463 8352 4804 9059 3151 8877 9441 3511 8572 3521 9698 3329 4095 3917 8266 5515 4058 8513 8942 829 4606 1484 2240 8026 7855 1283 9831 8501 7668 7775 7921 4670 3267 4155 8086 7588 8593 4885 9162 7190 7529 911 9372 9506 5570 9945 9027 7233 7919 627 3339 2830 8467 5556 3973 6456 7045 7211 7904 563 8533 6862 1834 1340 2324 4430 2002 6175 5961 8530 5953 8221 6993 7374 9573 8497 8755 7615 7628 3282 5554 8040 9860 9194 9074 3732 5890 4579 7291 9788 7079 8430 7230 5809 6708 8515 8661 5092 9251 9894 7247 9695 7780 4916 9889 3084 9598 8685 9072 2705 7345 8504 8434 7826 3598 2229 5261 4233 6266 5035 3588 7273 4263 7627 6022 2562 4420 3453 5488 8133 4810 4549 8907 9449 6274 7426 8921 9046 6180 3983 1453 45 9592 633 5532 7995 5504 5301 9804 7811 9368 9623 6102 8087 5293 7955 5978 8621 9839 9578 7455 1202 8567 8827 7349 9941 4186 3984 1103 1767 4454 9101 8275 7886 5587 7999 9777 971 424 6941 3233 7196 8552 3319 8637 9500 6081 8428 6794 7183 4474 7464 9734 8212 2209 9283 8473 3989 7815 7763 4111 4786 5492 9849 3445 1470 7857 9770 9947 5339 5475 6086 8955 8889 4859 4910 3750 3085 6715 6915 98 8494 5497 8038 9968 6581 6486 4483 5517 9184 5352 117 7923 6909 9817 3475 5993 9327 6659 8913 9080 7185 8543 3977 6295 6697 6989 7323 8843 1895 7478 4963 7229 8168 8594 1185 5667 8328 8860 5474 3579 7513 8446 9878 7003 9541 1667 2061 9793 5607 4768 4307 5743 9081 8649 6478 7503 8402 2252 7990 7042 4979 8082 9288 9423 2476 9740 5687 3791 6199 9692 3932 8748 4387 1297 9670 4385 3757 5289 7519 1100 7682 239 6733 7417 2037 5852 1392 1509 4938 3126 1323 9786 7200 9548 6092 8692 5612 7723 7756 6884 6632 9430 5167 8795 5384 4843 7948 1567 6743 8919 3548 5270 5756 4605 6293 9595 7128 5868 5847 9828 9207 7695 3366 9182 2910 6411 4447 6490 7320 4838 6538 4054 4698 7439 7851 5969 6458 9315 9246 9619 9448 7080 457 8732 9822 5973 9319 6796 6802 4652 8852 9367 6776 7022 9989 7754 9403 5058 9547 2216 4252 3252 9564 8853 8708 7701 5403 8290 1994 6970 9638 8698 7751 5615 9597 6846 9167 7030 9991 5166 8851 9707 5693 7791 7601 9208 5410 3958 8602 8895 7963 3162 8325 9395 7600 529 3583 9007 8667 4511 9510 8787 2130 5047 5625 7452 2680 4328 1467 5006 7537 5721 8393 7893 5105 9300 5071 3405 3816 7300 2893 4569 9157 5930 4539 65 7693 3527 6466 5885 2301 5379 8137 9680 9381 4405 9523 7054 7567 7170 9455 7085 6427 4626 9249 7911 5563 8171 7132 7819 8788 9807 2604 5791 2598 8462 6033 8047 8584 4658 8605 9752 4628 2357 5405 6924 5523 6686 6945 3997 8489 5428 6249 1209 611 5511 2320 2117 9205 6254 6699 9978 9532 9958 9014 7867 6097 366 1009 8370 4828 1592 5018 7466 8904 5304 8573 3944 2405 3428 4305 2381 4380 8093 4087 1904 9907 8725 6950 7239 3164 5195 8488 8287 5604 6474 3991 9911 4024 9913 9933 8644 8674 3133 9004 5745 8622 9013 3112 6893 4192 7875 7896 7550 6584 6394 6765 6329 9238 6938 9415 7822 7356 6680 4320 1859 8970 8542 9244 6405 9568 7285 9166 7005 2100 7527 1379 7146 9406 9292 9896 8643 2892 7782 8506 9562 713 6925 8933 9437 8945 7788 2063 8138 7459 7197 2404 7287 9552 7107 8583 4093 7787 7553 8929 8869 7423 4917 3999 6789 7501 8519 9816 8818 6408 7854 794 8125 3067 4455 935 5425 9471 1780 5019 8764 6070 8422 5902 8413 6825 9920 8773 6622 9962 6042 6410 7098 4409 8176 9469 8227 4271 3681 7882 9447 7996 1137 6027 8142 6181 8226 2038 7488 5287 7133 9961 9495 3892 3742 8120 8560 9603 6487 6151 9067 6407 7335 9881 8411 9960 8302 1739 9461 4585 983 8346 7885 9285 4504 1748 4550 9396 833 4223 9864 3934 6500 1607 5198 4114 5656 1823 6438 9452 8909 8647 3640 2447 8438 9683 9508 4083 7109 2284 2247 8550 8369 4052 8294 6262 6201 8911 8384 5932 5613 9144 7558 2900 7594 346 7392 9323 5367 5455 7747 5322 5624 9099 8607 7803 2824 5229 9359 1587 7228 5643 6211 7797 9580 6828 6747 8371 2808 3971 4592 5324 9320 8790 4015 5276 9648 9257 5001 3099 5742 3723 9513 8934 8019 8682 7278 4720 7606 7808 6656 6958 2668 8668 7055 7789 5585 9023 8342 8863 4875 8329 9498 8092 8741 7283 9974 400 9934 6043 7651 4665 9944 7965 4197 5027 7340 8532 4833 7983 5275 4729 2189 7487 9427 9741 8405 4442 4772 6562 7246 2503 5156 9237 7444 3362 8540 6319 2837 8714 9331 9527 4141 9497 6831 4923 6821 8359 6791 7881 9148 9365 6973 7232 9383 2578 3120 9156 8875 7590 8496 4551 9478 6833 6612 9661 6103 5356 9088 5528 7547 7021 7195 8522 4119 8841 1845 9180 8702 6842 3077 4830 7958 5099 2511 3490 9838 8004 2113 9259 9378 6541 5729 8947 7438 9616 9161 5916 8834 8635 3473 348 9624 3170 7328 1810 7168 8170 4222 6520 4394 3417 4674 7297 8315 7707 9536 7536 6388 8408 9290 7778 5336 6578 4039 8362 6932 9768 4528 8160 8893 8562 1757 8684 5986 990 8750 7360 9520 6353 3806 4180 7156 3000 7405 6370 6954 9450 4839 2406 9678 2453 5550 9054 8479 5962 9775 6499 9973 8536 4108 7332 8293 9417 5123 5321 7051 9048 9936 8375 6169 4612 9065 5297 9992 9037 1938 8683 9773 4334 7461 6129 7504 4471 4031 9405 7608 6373 6638 9400 9439 1270 2424 8153 4877 6871 9851 8397 8326 5187 8035 7341 621 9730 8928 9836 5329 3985 6079 7391 2827 8478 5077 9725 6447 3392 9295 8509 6367 5692 7148 9921 6412 5725 8357 5512 2493 2473 5461 9604 2207 7578 4920 6365 2302 9530 3710 3653 2337 2687 4500 3119 4787 3136 6511 5775 6851 7155 8008 9502 8482 6333 4850 6735 3169 4939 6493 9345 6556 4296 2383 1703 8735 9233 3406 8155 6550 9819 804 8778 1203 6205 5285 8537 9024 1650 6200 5231 9302 328 5267 9195 6972 4431 8044 7295 7937 7960 5848 5831 6350 7576 9263 7625 1288 6991 8577 2761 5940 7088 7929 8433 6879 7694 2775 8922 3903 4109 7748 1403 5781 9098 9789 5957 8377 7806 8679 7715 7086 927 9404 8284 3007 3207 9986 2498 9276 6113 2792 8139 2022 4467 5151 8617 5283 9754 9689 7734 5514 7970 5437 8697 9834 8146 9932 6780 8388 7559 9684 7412 3234 4411 4259 4367 3307 5947 3048 6763 2785 5740 4871 4763 8330 355 5409 7139 2552 6839 4451 7705 5343 9618 9744 5750 9335 7135 1702 3196 8262 9434 7968 7068 8820 2919 9120 7136 7385 5946 4506 8278 5992 6770 4933 9571 4873 8299 9966 8285 4112 9677 4092 9781 4491 3706 8131 5206 5654 5797 1852 281 9385 9988 5180 7481 5177 5056 8224 1771 8140 4993 6090 5024 9273 5789 1544 5817 5012 7898 2614 8971 5491 2427 9349 7521 5372 5620 2551 5170 6609 5933 3202 6001 2494 6759 716 7945 6032 344 4918 4152 8608 5991 7858 7414 7688 4997 6960 5598 6608 8289 8355 5017 9140 6769 955 3568 5345 6136 7887 4137 8749 4888 8675 3132 8719 2801 7140 2582 9745 2174 1248 3700 5020 8804 7526 5363 9005 10 9715 9043 5886 8822 3687 9008 9924 1671 9039 18 2810 8720 4151 9270 1286 9325 295 7322 8457 3327 6563 6261 9424 158 9370 6620 8986 2672 3280 8021 8941 683 6792 8020 8867 3592 9753 5895 2516 4656 6883 6146 7161 6196 9587 7150 7510 305 3817 2791 3514 6904 3929 6476 7064 8503 5684 4002 8465 8424 9076 3887 4105 402 8693 2245 9409 1786 7025 4635 6606 9468 6413 
2172 
4724 
7435 
9829 
4541 
5921 
3879 
9842 
2685 
9127 
6983 
1397 
6168 
5495 
2369 
9790 
4040 
8960 
7759 
982 
6613 
7777 
2737 
5956 
1495 
7421 
8761 
9278 
2115 
1553 
4989 
7853 
1451 
5611 
586 
1714 
4190 
3192 
8531 
200 
1037 
7472 
5738 
6052 
7389 
1362 
9126 
197 
5439 
4344 
9596 
5744 
9812 
4531 
7315 
4799 
7573 
8178 
1499 
7944 
707 
4584 
1227 
164 
1564 
3205 
7926 
2418 
5139 
385 
4232 
3884 
6417 
3146 
7187 
2960 
9407 
3988 
9392 
5521 
9861 
7013 
8031 
1149 
8768 
9092 
7380 
8033 
4748 
3755 
4306 
3352 
6383 
8320 
5305 
3992 
8529 
373 
6775 
4708 
8762 
94 
5794 
5448 
6492 
5749 
5074 
912 
2271 
1072 
2889 
3565 
1699 
9079 
8471 
6025 
8097 
4962 
8706 
9866 
1864 
5246 
1997 
9477 
2988 
4257 
7105 
9796 
3815 
6047 
9456 
1068 
641 
7095 
1768 
2990 
7951 
3109 
9862 
2589 
7619 
5496 
7755 
6730 
3670 
6163 
8969 
4693 
9827 
3635 
1293 
7767 
9892 
4789 
4033 
8640 
374 
1294 
1262 
6544 
3704 
4781 
5837 
9525 
6046 
2443 
4248 
7494 
2741 
5609 
8823 
2164 
8381 
2304 
1921 
2566 
5242 
6280 
2347 
3159 
8739 
6586 
8099 
8982 
5918 
3059 
7933 
7766 
9852 
4262 
9357 
8432 
9218 
3746 
8962 
2790 
5113 
4937 
4949 
8802 
2840 
2518 
8292 
6298 
9926 
5580 
138 
5594 
2931 
7962 
1475 
2237 
4903 
5452 
3023 
6467 
7506 
7314 
1194 
2929 
4144 
6057 
8215 
3777 
8662 
7375 
7043 
5629 
3301 
7507 
9255 
8609 
5277 
4582 
9686 
7027 
5905 
4836 
9884 
5866 
7401 
553 
5300 
7061 
2477 
917 
7984 
4855 
6358 
3105 
7463 
3906 
4542 
5407 
8343 
8003 
4010 
5617 
5447 
7260 
954 
4721 
511 
8193 
443 
1135 
5632 
8011 
3089 
4132 
2328 
1042 
2510 
6982 
7669 
8557 
2923 
1380 
564 
9582 
3763 
3661 
3758 
7059 
9040 
2042 
6648 
8243 
5520 
440 
181 
9802 
7569 
6532 
9609 
159 
3276 
4201 
8073 
8901 
4565 
5319 
9045 
4240 
9222 
2353 
7363 
7253 
1119 
2850 
265 
5627 
5561 
2409 
9726 
820 
8448 
2032 
9411 
9332 
7454 
2092 
9136 
2509 
9112 
2916 
4353 
9792 
5192 
7800 
992 
5849 
2088 
1281 
7653 
6816 
2485 
3106 
4731 
9599 
5220 
4104 
3030 
9029 
8300 
8261 
8363 
6279 
9964 
4927 
3664 
775 
6980 
6089 
5841 
5282 
492 
768 
5256 
1322 
1783 
6641 
7790 
7280 
284 
4691 
2832 
5236 
4048 
6380 
2866 
8549 
4433 
5460 
3310 
3315 
5102 
3542 
1483 
7348 
7861 
1006 

Compute the Number of Strongly Connected component is :  814

