Following are Strongly Connected  components 

986 
984 
979 
970 
961 
954 
934 
929 
921 
919 
918 
908 
906 
901 
897 
896 
889 
886 
876 
862 
860 
858 
839 
978 
836 
850 
835 
828 
825 
822 
809 
808 
798 
795 
788 
855 
761 
753 
751 
749 
731 
999 
730 
728 
720 
711 
697 
696 
692 
691 
684 
675 
648 
645 
644 
642 
640 
636 
625 
865 
624 
705 
621 
615 
611 
608 
605 
603 
594 
593 
784 
588 
582 
576 
871 
573 
560 
559 
552 
551 
748 
526 
521 
520 
518 
513 
511 
504 
490 
488 
486 
485 
478 
431 
425 
424 
418 
410 
407 
704 
405 
401 
397 
837 
378 
374 
595 
963 
474 
371 
633 
597 
369 
364 
362 
361 
360 
352 
349 
342 
334 
325 
322 
319 
316 
313 
310 
308 
298 
754 
289 
280 
266 
258 
240 
888 
236 
233 
762 
220 
215 
207 
201 
200 
196 
174 
171 
166 
162 
622 
915 
157 
153 
152 
151 
131 
120 
893 
118 
117 
99 
783 
98 
96 
94 
91 
79 
491 
257 
230 
75 
250 
72 
70 
58 
51 
49 
48 
42 
606 
38 
890 
36 
32 
26 
23 
17 
884 
1 
0 435 167 144 269 107 175 64 930 899 421 553 29 925 164 975 327 21 136 52 73 977 114 101 169 293 419 126 682 274 63 112 193 30 843 453 385 867 231 643 202 844 736 323 398 940 463 224 427 191 170 31 46 287 805 176 773 282 145 93 956 413 741 127 160 108 494 104 210 613 278 78 130 580 380 163 375 412 205 454 610 92 156 165 990 911 329 344 946 305 539 564 455 67 821 584 618 228 66 833 617 988 150 185 586 670 550 246 529 673 213 816 253 221 483 791 283 467 402 687 765 793 123 138 523 567 654 812 3 87 434 660 517 139 953 460 357 186 177 849 639 620 668 875 473 590 707 272 263 111 404 147 768 725 960 980 60 10 429 461 90 609 443 142 910 601 653 59 376 279 631 219 469 967 781 43 27 733 966 39 214 358 14 942 19 132 433 137 439 261 296 599 505 472 74 950 140 916 447 745 661 110 216 243 495 581 314 428 943 121 607 758 295 11 965 719 270 128 852 400 575 284 845 912 133 902 501 106 537 958 848 85 803 841 178 226 566 562 689 267 492 885 997 441 320 172 508 190 767 321 208 179 359 368 688 330 747 476 301 260 206 343 326 446 981 392 198 6 45 936 268 97 143 686 924 396 759 840 802 752 554 440 740 939 909 779 801 870 738 632 18 532 693 932 510 381 188 50 464 489 24 281 286 546 183 411 100 585 717 307 496 95 409 778 487 853 903 5 386 649 614 354 868 475 7 291 28 699 799 217 394 589 534 709 40 766 659 666 13 533 271 452 794 873 337 377 71 596 290 694 275 506 931 109 716 612 8 604 466 88 920 702 735 637 797 119 744 86 367 746 811 772 336 468 676 971 141 285 894 238 664 173 390 262 318 591 569 985 135 968 820 718 449 887 982 652 800 891 192 993 259 432 815 856 235 602 629 729 465 252 436 770 370 671 303 658 818 195 341 484 568 373 451 998 904 276 536 459 448 482 387 883 935 626 480 538 944 857 229 951 787 430 734 548 161 543 878 992 547 774 869 311 477 353 444 155 949 194 53 834 332 804 972 223 557 22 197 540 565 948 395 987 831 535 528 515 116 199 113 700 149 479 706 880 9 739 306 991 209 15 698 764 775 964 827 996 830 769 657 771 750 638 356 251 103 129 544 715 651 527 457 872 851 782 938 630 823 2 416 422 656 628 879 650 522 81 35 587 47 545 959 703 256 928 355 189 641 927 882 372 646 83 470 813 211 184 678 524 351 414 154 519 881 947 244 914 563 780 989 77 727 824 674 635 792 25 288 627 450 974 995 348 514 819 277 776 247 832 714 796 388 555 391 859 389 713 672 838 34 406 681 647 969 292 232 408 737 922 187 346 669 724 239 365 423 710 592 955 379 846 56 458 542 339 309 937 842 663 
690 
810 
913 
679 
814 
33 
456 
399 
445 
817 
204 
471 
403 
994 
695 
945 
420 
4 
297 
683 
124 
37 
874 
248 
655 
826 
952 
442 
304 
917 
905 
249 
168 
16 
530 
877 
241 
847 
558 
574 
122 
665 
12 
500 
806 
863 
462 
69 
340 
55 
393 
245 
493 
723 
786 
726 
225 
708 
525 
254 
829 
785 
623 
721 
757 
742 
923 
54 
497 
941 
577 
619 
347 
861 
712 
335 
866 
572 
933 
541 
324 
426 
80 
345 
384 
957 
571 
317 
561 
755 
102 
976 
509 
331 
983 
907 
437 
265 
743 
41 
146 
234 
570 
203 
507 
556 
549 
579 
44 
333 
237 
350 
182 
790 
415 
57 
212 
302 
807 
499 
789 
600 
84 
926 
777 
134 
503 
382 
512 
583 
363 
962 
438 
732 
242 
701 
864 
722 
898 
227 
20 
82 
315 
294 
159 
502 
300 
516 
89 
148 
634 
338 
255 
760 
685 
756 
667 
61 
65 
222 
68 
680 
417 
299 
264 
900 
125 
598 
895 
578 
158 
180 
383 
616 
366 
218 
662 
312 
763 
531 
498 
62 
677 
273 
328 
105 
973 
115 
181 
76 
481 
854 
892 

Compute the Number of Strongly Connected component is :  383

