Following are Strongly Connected  components 

568 
561 
562 
563 
570 
566 
559 
557 
556 
548 
538 
536 
535 
550 
523 
522 
521 
518 
558 
555 
516 
549 
513 
544 
514 
499 
497 
495 
496 
482 
494 
493 
486 
483 
484 
476 
479 
473 
472 
471 
462 
460 
459 
464 
456 
480 
463 
465 
451 
466 
452 
455 
448 
446 
449 
450 
440 
437 
438 
439 
436 
431 
433 
435 
447 
434 
430 
425 
426 
419 
423 
424 
420 
422 
421 
400 
403 
414 
408 
407 
409 
401 
404 
413 
412 
411 
396 
502 
389 
390 
391 
386 
384 
394 
395 
393 
382 
388 
387 
385 
380 
381 
379 
345 
365 
350 
344 
362 
364 
363 
335 
334 
325 
319 
311 
310 
397 
312 
306 
304 
302 
315 
316 
308 
300 
303 
305 
298 
309 
307 
285 
293 
340 
542 
378 
361 
376 
375 
374 
373 
367 
372 
371 
370 
369 
366 
368 
360 
359 
357 
358 
377 
355 
356 
349 
354 
353 
352 
351 
392 
283 
295 
294 
287 
297 
296 
286 
281 
282 
280 
272 
270 
266 
429 
445 
442 
441 
444 
443 
269 
277 
279 
278 
268 
271 
267 
274 
275 
276 
264 
263 
259 
261 
258 
260 
241 
248 
254 
257 
265 
256 
262 
255 
253 
252 
249 
250 
251 
242 
247 
245 
244 
243 
246 
237 
239 
238 
240 
225 
231 
230 
229 
228 
227 
226 
216 
224 
218 
223 
222 
219 
217 
215 
220 
214 
205 
202 
201 
192 
187 
545 
551 
540 
539 
534 
543 
541 
402 
410 
406 
405 
314 
318 
317 
301 
299 
313 
206 
204 
211 
207 
210 
209 
208 
203 
198 
190 
191 
186 
177 
519 
531 
530 
529 
528 
527 
526 
525 
524 
517 
520 
289 
290 
291 
292 
197 
183 
172 
171 
168 
170 
512 
504 
510 
508 
506 
193 
200 
199 
196 
174 
176 
169 
150 
147 
149 
157 
155 
151 
154 
153 
152 
141 
142 
137 
132 
500 
501 
498 
140 
143 
144 
145 
131 
564 
453 
457 
454 
569 
571 
565 
475 
478 
139 
138 
130 
128 
136 
146 
129 
134 
135 
124 
127 
121 
122 
537 
553 
552 
554 
515 
533 
505 
509 
125 
123 
96 
221 
133 
98 
112 
108 
107 
118 
119 
120 
105 
458 
104 
560 
487 
467 
468 
469 
212 
572 
213 
470 
491 
490 
489 
492 
477 
481 
474 
461 
488 
485 
114 
113 
106 
115 
116 
117 
111 
109 
110 
103 
102 
101 
97 
100 
99 
95 
87 
89 
88 
320 
332 
333 
331 
330 
329 
323 
321 
322 
336 
339 
337 
338 
85 
84 
79 
81 
82 
83 
75 
73 
76 
77 
68 
62 
432 
415 
417 
67 
80 
59 
78 
58 
57 
56 
54 
72 
66 
71 
70 
65 
64 
63 
69 
55 
61 
74 
60 
48 
46 
179 
182 
180 
178 
181 
43 
341 
343 
342 
348 
347 
346 
175 
166 
158 
326 
324 
161 
160 
163 
162 
398 
399 
165 
51 
53 
49 
52 
50 
47 
41 
40 
42 
38 
35 
29 
27 
34 
36 
37 
39 
26 
25 
28 
23 
31 
30 
24 
567 
33 
32 
20 
17 
14 
22 
12 
19 
18 
13 
156 
6 
8 
427 
428 
416 
418 
273 
148 
9 
11 
10 
7 
15 
21 
16 
0 
546 
547 
288 
233 
236 
234 
232 
235 
507 
532 
511 
503 
383 
327 
328 
284 
126 
94 
45 
44 
195 
194 
184 
188 
92 
93 
189 
185 
173 
164 
167 
159 
86 
90 
91 
1 
2 
3 
4 
5 

Compute the Number of Strongly Connected component is :  573

