Following are connected components 


0 435 270 959 127 160 108 494 104 210 613 389 197 914 481 115 138 86 988 150 687 277 819 179 208 688 791 924 760 328 804 762 841 803 178 226 620 668 774 491 79 230 123 793 679 926 50 458 475 868 795 660 434 739 306 600 962 355 553 195 818 373 650 879 628 556 554 782 14 693 17 884 602 358 479 700 253 816 653 448 459 263 223 209 880 828 641 165 536 319 156 796 454 833 205 412 759 947 461 308 18 133 534 236 324 442 902 501 918 336 468 676 95 191 170 31 452 794 854 62 366 616 383 853 163 446 658 809 699 799 580 144 775 764 631 283 467 995 867 643 202 26 597 633 990 231 325 370 671 353 444 614 311 869 441 513 525 837 397 706 52 217 411 183 964 546 286 281 24 489 464 618 584 116 987 395 948 831 121 943 54 497 755 967 65 13 250 75 426 22 689 267 492 885 997 856 167 3 812 654 193 112 572 896 866 289 46 287 872 432 259 971 141 285 894 238 5 15 981 777 396 198 392 563 753 111 404 71 596 530 16 519 772 657 145 93 400 677 80 68 322 222 930 107 175 10 714 455 986 67 821 294 612 8 159 203 895 749 307 717 886 585 518 155 960 408 232 669 683 152 604 466 521 215 268 97 743 143 686 523 843 601 910 142 443 414 961 154 390 569 214 39 43 27 733 966 550 246 477 956 537 106 291 430 892 242 48 787 275 506 931 968 135 310 132 813 359 161 908 810 822 752 564 517 953 365 423 710 949 28 255 406 20 320 172 702 655 991 606 756 685 192 314 581 243 495 276 6 266 45 936 982 985 229 315 101 114 719 965 11 288 25 72 876 652 378 387 797 883 758 607 901 180 578 773 566 346 187 922 162 128 785 829 89 674 516 645 237 333 493 817 110 696 184 781 727 989 780 827 599 731 999 153 533 547 271 900 768 264 609 90 735 637 935 626 538 665 944 177 186 849 639 166 361 792 627 520 921 790 415 450 974 413 741 673 891 800 293 337 873 377 998 904 923 742 201 763 21 955 952 863 367 746 811 84 372 261 296 60 899 421 651 129 103 544 715 485 531 498 345 502 171 783 99 835 730 757 447 916 825 469 834 53 194 898 40 709 394 32 875 549 410 579 678 472 505 882 34 838 672 855 582 632 738 870 428 984 122 684 969 453 385 149 418 690 994 486 137 511 439 646 83 456 33 993 282 321 767 656 330 611 12 363 244 586 124 927 871 576 273 164 925 29 199 113 583 357 508 190 897 47 487 778 409 496 528 887 718 820 704 77 265 711 334 407 257 130 78 82 938 708 51 847 558 745 332 188 381 280 417 648 721 736 323 398 942 510 503 382 134 932 351 524 522 200 81 196 919 460 864 219 19 35 587 462 771 750 562 125 598 87 185 670 375 88 269 664 173 705 624 695 951 963 374 474 595 329 824 912 992 845 958 848 42 73 977 662 839 978 379 716 126 419 840 634 766 659 844 457 405 74 805 832 776 247 96 233 224 681 41 427 58 151 830 769 401 625 865 386 64 591 318 262 436 252 545 465 729 629 740 440 939 909 779 801 957 571 70 284 575 928 295 623 980 429 725 836 850 680 888 701 770 484 341 568 240 61 703 256 425 751 338 279 371 515 737 814 292 340 274 682 139 290 724 63 934 761 254 907 102 30 765 362 723 331 983 509 976 823 2 636 416 422 221 514 483 343 326 206 260 301 476 747 862 675 754 298 712 559 347 861 302 212 807 744 542 119 176 335 617 920 500 975 327 851 402 610 92 225 893 120 437 369 189 69 234 146 649 433 470 451 463 940 878 548 543 789 109 946 305 734 666 694 36 220 857 529 570 4 169 539 344 647 480 251 356 638 788 889 532 996 504 249 85 303 216 732 590 707 272 424 66 228 622 241 551 748 941 105 973 535 713 881 512 403 691 118 312 557 540 950 140 565 815 473 136 802 917 954 182 482 555 388 667 309 339 842 663 937 846 56 380 100 391 826 218 697 621 911 592 207 9 299 317 181 692 720 76 7 852 445 574 661 368 890 211 174 38 630 304 560 278 449 913 915 541 478 594 619 399 561 57 567 858 248 376 59 786 726 420 905 589 44 313 316 877 49 970 806 297 213 360 488 552 348 300 239 148 635 131 147 158 1 350 527 698 499 972 507 640 227 471 91 615 577 808 603 157 859 168 593 784 204 903 933 55 235 642 245 431 722 438 354 588 393 874 945 929 94 490 37 384 

23 

98 

117 

258 

342 

349 906 

352 

364 

526 

573 

605 

608 798 

644 

728 

860 

979 


Compute the Number of connected component is : 17

